# tensorize-cost-v1 golden: search-replay matches=8 recorded_at=d17bd86762d6450cd013981d7c0737a620548533 seat0=575 seat1=539 decisions=1114 rollup_sha256=e8e2eaa77814b939f2113ea968d45557346acd4531e2400dcef6934f2de5ab20
0 4 2501 0a0d0421985ba6f9ad09813273406e7b4f111b3ebf6c5ab20a47586ae0e07afe
1 2 3453 01b0c776a5432ab0642c490992ac1a696a90fd3247ad0f1866108a4b66cbf706
2 2 3463 9e75f371966aebb1432550b9d8de5eb75e6d9cd2a0dcf70d965bf194ea48a657
3 3 3614 34ed1058cb08c801fac5c7ab8c534df5b8928f1bf317b360f55868a5aa413993
4 3 3614 92405133c2b3a46649ca870c5a2b3de681bbde4d654b730e3472b2bd9ba0e533
5 8 4282 14f2e94553e626f95edd8a956fe42dc1acd64182da050ff8bd1b36e2088f6685
6 4 4560 093b9d99b03b75d4656eb8d69738cd0d6bb539aa56fe892ee271d381dd7215f0
7 2 4572 15d3d4dfd5035cf33adbb9becae01fa3663f83685a7c9bc75822b71ac6300cf0
8 3 4609 f3c1240a96b1483f5cb2f09ad6ee89930d11ce1736dc099af9ffd427564d74ed
9 2 5562 39139bf918e0cc77b85aef6b5152bead21d9a7237f7db95aae720fa706bc936e
10 3 5675 bfe63b04c730a875909c1ee171f0c58ada56f1d7e7fcfc53299e0b64e70eb382
11 3 5676 d0730cfdaabe939511d15d1f6acf000036287e08f921fe992205fcf15032544c
12 8 6344 9e2e0d465c2d97626b310bfd863095457fc50b41e0051eaa567a2b531cf9dcf0
13 10 6624 e528e048552408826b17ff462b66ef6676413f31d7f0119764d92d597f04f37b
14 3 10273 4017ede43951d581e912656bc437f95f624fa695cb92475ba2a889da39c74c4b
15 2 10561 6f7d3eddc0167fa80af08024e87ab0a5cb915308bcd05acbb7d3b31cc5f89971
16 2 10561 2e460f274fbc380522cda53454a7e4553ce617660ef057e43fedd8f4ab74c150
17 3 10272 752c75e278d81ee5fa8468eec88891ef978ca21e4fd551abb43b35bb9ba48d07
18 2 11225 6eb3995525f4114603c02868b429af25d78a464dea9ee2e6f18674daf1c23aba
19 3 10824 b64d92667ae12b7ae36efdcdffb37dea49e5bdc5d0059bbada06ef2527f10c81
20 3 10826 417dc4457e8d15574c440897c085572c152c58da99e1ec1a8d87f2e57a071fb7
21 8 11494 6ae30cbc5b29577ff2eba535270582db74cb4f4bd2e96c4dcdec0da332b3ad6c
22 10 11684 6cee786e074365560e92f5849b48f7f7f673fecf7ffbc3167f6f2a3488e90663
23 2 12936 d89bd798b5d1f383f8a6fce3aae1059e33963c2b8c9a481f41c4a718a54ee098
24 7 12628 0fb1419bd76ffd2b519b91af9b9626268a1ed12e61c4888ef145f87bedb8f909
25 7 13581 9b5b8ac1dd9cee8a6b0d9113f69d37a8afe818a11c73f2355c5cade49a3da76e
26 6 17453 65cf4d6962802a98c14d0a44bb319ee7e8ce2f79519eccab19d6d0cce10b4c6f
27 2 22139 9a534e60da2c8745fd835ceec4241514ce81454bc7c8b40d88ccce69fdea8afd
28 2 22064 46796aa5e9bcf515694ae36987663c6b667ff4d6f3bbfd166289168889feb7ad
29 2 22063 532de307d4399dbfdbd0c5b6f241b78770f96e11c08d76a1041f10d51a732dfb
30 2 21989 8e367bd0f0d2dffe793479e4d40329237a6ad63e026469acd57f4953c5b0a63a
31 2 21914 76e94a1457ceae3475da314c9e4bb810dd8a09112894a2f78b4eb3accd283d10
32 2 21914 28accd9bcaccb07d67aaf41c2960c0f58e464b48fbc84253f702fa943edc7b5d
33 2 21840 f2d3de03ce99804e3d989be8d86234620c8192ba93ed22185ce3c1e25efafbc3
34 3 20108 420e0605c10202d4b2bba318d2f8c23c4e1faa411f25dc291a9e41ee76fb133f
35 5 21060 aed5f0ce70077bb8db272010e9723a25e8784a792ce3f204067432b0ef246b29
36 9 21539 7dbb4ed64f047f43c970e9b3224b32a3dbc62f30c60b841a7792c0d5ca45ec3c
37 3 20972 c63914214121d3a670030bab938c0740829d2f9c0be4173740fd2c74b3296fc7
38 3 20984 72d49bb456aab4d30cfb416078140ded441ad8fbf66c29d6e5b8e0fa5ed7637e
39 3 20972 519bb84f3b942a07b5eed050c00c14e2394307a3ab181ffebac4db0c74b9e3ba
40 8 20514 36a483706b1df76d7abe410c5699881110651ca939a0e47e2e8e457d8ec515c1
41 8 20688 34f52359d91ce3c2cc3c12c573dcd3fa3f2a01d0604a43337ae8008269921fb8
42 5 24780 a49ea24d9521a5325c61aa6f74438817cdc10b40899a67f65792b6768ac8db00
43 2 25258 06a8032e4f72dca66fbfb87d97353de3357e6e45e3c24748f1cd8369d93f6c7d
44 2 27722 da9b7776ccd879e908a59a8a2e1dae053da9a3f275f3c0d6868eb82334500683
45 2 27721 0f64c3f7788db484096bf0083d8205f6d11b263fb6748477bd79f4a32eff9761
46 2 27721 1235f044726847b4557cf253213c8b68945c16202dee0be00e56bb19f67eae2d
47 2 27721 876d982ce647845dd7abb0f2170267f976718d1fe5669166ce26979d4f744b6b
48 2 27721 6ca26af245b1966fa4519822b85dc32c8938734c52600057c011d03da5cef6d0
49 2 27721 596e8589b8275899e05732c06f638157de1ebbd8add51cbef90a5ca600263850
50 2 27721 586e0c873feed1f86c53b47bdc81a41e986063de9c3a8d0fe315e2784f1fd050
51 2 27721 21047b8b15bfdc33405e1933010552090273e953b583d48c8cf34585d2cdbbe6
52 2 27722 a0561d9b7f30f96cb4f16d381cc6a195975bc60f2dfca3a2910361aa584b98da
53 3 2501 b7686d13f876a855f971f7f8ac5523c7d3f628e4227e011ecb2778fb1fbe5f7c
54 5 3453 800b7531536a2e715fa5481729ee6eaa3703551e62dd1ee0e37a283f5a0bd394
55 2 3463 c8848a21e4a3d5fe068eb24038b172ea073d41b68da66f6da4955264e5f769bd
56 5 3613 6388e97c0a58ee3ab82dc83d4c05e9996f93d494be7ce32e9f4a1634841fa322
57 5 3613 82e3433084d724c17cd81639214948fb8bc9150c23fca1852133b6192d0e7e7b
58 3 4565 ba1d4edb9346e3fab74403b44802df1351e285dfe806aef513bf7f322b630fa0
59 2 4613 515c821bd64b45e400733d03a2941d0da3dc84b95fe1e37066459ebee26c9d0f
60 7 4570 710b49b65dd86a9d04cc7dd621f58375b6a3ed223a4294087c851d95fa85956b
61 2 4584 6962413e8a26a95725c7579696194052479bd6285c94ec6c57aee1a02361278f
62 2 4621 72b89f8f4d0b52c3b8ad04a9651ff5e28a76c506e37220f7f107a0e3723d4827
63 7 4651 7943815d44b5462ecf68f5bd45a7186aaaa7e5206101b1e99db541d988448081
64 3 4663 cec32b0decd6dfabd9b5e84525d5edf7995e0c8a91cfdf695d1fff2e2ea261d7
65 5 4700 07a7d04f589b7dd52bee8a07282d24582ebd9571a42bbda8ab74cc9dc1aaadf0
66 8 5367 3e672a325d08377c3e6ccf7e9fecc01d3c17a66afc87296f277ee15c64ee9504
67 8 5681 d9f1f703cfb89f699add1c357bc233e51d00c50ebf85196015a6622b285ac0a6
68 3 6625 047aa52a486ab7f921bc79ae82e5173eec12a0412aeeea64a4ca6c877eae1e1a
69 5 7578 0def49aea181dbbec96863d812c94307cc8428483d2b87f49e504b04a970bb17
70 2 7590 89d3ac6c10a7f0c401320d2b7e64e16b1b03be3080a9ad73cb34af6bc5fca681
71 7 7741 bdf432223005c0d2734e905ba1b11c9b13a9ff4f2099c9a230e33397e5d13fc9
72 3 7753 20cf4f2bf67652499cca1b884b25835f13fe5e8482b0aaab06f741370ea8aa8f
73 3 8232 4d8f2f6bedfa27b2e91644433f3d578497686eca08823f163df57cf86a4ce345
74 5 8675 caf444c7bfd7f0e2fb79725174d5929832068e14ac2da7824229e8e90b0e0db5
75 3 9628 141f853ae0672045d93e6a15abff0e05524000275a6ac381db84065f8d35ef30
76 2 9675 6e078f17fdcee42a32ff00b2c16fc72c35a54f92ec9b98e7b0440e6b8bbcac07
77 10 9719 f5cbe1e652bb064b1773e0b6609089493c54eaf050af98dc1fd6e0e4096e6fd1
78 2 10197 1bc94e398844d5a1e69935a1408631cb7bde6febe78fcbd4d6606226efe8a9aa
79 2 9939 d02bd0f8ea786aa221572902b955721199a5d3e4487ae2b986fda4c19012c9c1
80 2 10419 54c8c885cbf526f28334fb90e82878cc2ba8bad54ef06a0a17683daeeea34585
81 2 10472 3ad56f60f4fcfc728c443bef8ead2b70e06d8a79a1c22f478a89c41233b2e1bf
82 2 12260 3d38767e95660732869aa479e099f68be03aaeac172db2ea36c613774796c652
83 2 12473 6f99e27317bf5335ace998dcfb1e58d6ad027da5688f37bc9a96eea3030667ac
84 2 12261 6aea6c3791970774817ab79c9778069c66c77931c9a63bdce80d2fb61b6a9892
85 4 11664 56344164f593a517e24dd99de38ecd0d521cba15651f44fd0d47958051cca8d3
86 2 12616 d15943f54e7cf1fc528f3df61c13a22c1f5df496abc2e7d3a32c7f8b795fb166
87 2 12628 86603e6e8a59b1988bc81a0aee330b552d25c47d0a7048f0314492227e4e8b26
88 10 12796 de265148311e0d26773cb15d373fb41f67e369059ef0274f3ac9f2c5d08a1a6c
89 3 16446 c2bd9f71b390476882968faebefb3d0924bfe0d1e1ab656a7e961569ab3a7484
90 5 17399 534a7ce60b93dd1855c1c0098fde84f71d4710a7ef0535263bb6d799bd2e7371
91 2 17761 055fbfa61b98511e4f015dd4c553e74fdff7d454294c076d16e90e9415d268b5
92 2 17760 f199adfdfd8f1a9979e847d2a75ee7fa3d0acd5d94fd74c5fbf2a10f9eda140f
93 2 17761 df134df7d4b85d410210dead2703c3cfbc4617b157b056e4c56274d14d9d19f7
94 2 17631 9793ab7bb43bdad6dc4d604ce058d87e98755b3f8af2d02e20706016d156a076
95 2 17629 a148960ee09e8eff956eebb15ad124c2f6f1669d06b04017fff557c9c5ac0945
96 4 16827 718ef015f953ea212ee0a8111576c029ae25253193c45f8d811a124fd566cba5
97 2 16839 ac789b40e566ed1ceb063714923c1406111aaa9375bfdc3d7430de388a80c5de
98 3 16876 c3a9ddaede862968f309eede03d33965d8092f10e0d1cd8a2a91efdcfb66df49
99 10 16827 9d6103e48bcb47d3d8dd3b49826919f45477237b5aad8dd4789ba62acf5e5355
100 8 17771 519ffe0b7d68362527a1b8a7a549612e7571742f348bac60805da679166f314e
101 2 18249 2361b88547658bd6a17b4a6f97cdbd5f2eb4fe2eb5a4dea4a01b592242e6ee78
102 2 19596 8e01a2554497c9a3019b437258e384e7d76798cfb45b49ed34021417f9744837
103 2 20106 3ec2691ed6b90b1cef04d912536e2843703d18bfeb1cbea018a795c5a22d12cb
104 2 20032 ba7ba4e4b4b6f6825e94e09ec61b6f7d94b6b0dee0fefaf3fc3b3a9646dedd3f
105 2 20031 a63f0b0c199a558f0e2c94fd797d263cbde99c29fd9d4b51769ff826f02c753b
106 2 20031 fca76b52662c3654e941242719d836c72f79c18edf5e9d3e50e13c41066dbf1f
107 2 20032 e0b37af2db82a06a8fc7b0ccff9e5a05c4e7e083ee63253731d0e15a218d805c
108 2 19592 bd5a589752a3014391d6222347b11205b36cad1b36a86a384776808d71e2ffcc
109 5 18977 4dc91dd622598fd92a1494a3d4a73d809b07d401429f03cdbe36f13ad05d3af1
110 3 18989 55d761b0c626da74a6aa5e9fd037d9d4267191e19a8081b9cd9f2f228af34b57
111 3 19025 0ad68e54e8b1f3e15105a16209e89fae282d845d1d8292989d97dec27f48da37
112 9 18800 1a4d889166e91c3ffb812b76329d906161f19c352545bf100596ad79f7bda7d6
113 8 19753 1e42463a7815cf0bfa0206beb19c1b95bca001b7d648877e36286ab57ab4e7eb
114 2 20263 80715d937a93e78dc56075269f922c89db10fb3c6508b2a90b5c776273ba0bbf
115 2 20262 72a91165d9d9d6c20c01710be863bc22657ec7eed74564dfb10bfca11a6850cd
116 2 20262 1ac938767e9dedc045d06a9b9453bf724daa328e4aae73fb207c987539fc9251
117 2 20187 b5869e03f28bb513dc2ce34e879604a08204b3858afe6cac6cb38c1feff03ca4
118 2 20114 7b115f3d9e35632da37fd8970e6bd7b9a8e4ecc76f23405356dec5caf78fb2dd
119 5 19984 4ed4d30c946527736bf6f722b6dd5e7f8f306d4135582d6c8102ef8637d82362
120 4 20031 f420dd4f71e6b4d4ba4c8db598b8a62489847f8b5665ee94527dcecd71166f0f
121 6 19848 b9b4dc512beee897c43f761092685c18ec2f08898d7d25b6e0cf06434d492a79
122 3 20788 8d3fdbb1527e9f666176071f031134813ba4ce61f7b5eb6b2889d1f78ae6fbc0
123 2 20836 f1fa2019d54863129ec569309248d773299aef38b0dcdc44d2f5af407aadaf75
124 5 21125 5cacb8c45e6d897881cf335d1c7275309a921f0640903c5e4c317b0b34d6b5ae
125 3 21138 98e5c98839d4984c65123b26c1dc6553e054954f84ee166417af2bfcb6b708b9
126 8 21617 9a018a163f77d556d7d60337f3459b5f8e42fe707733e3b5478d4e2ab3e8169d
127 3 23288 e0e526be683973987ef110ed4ee95ead0c387f3faa9fc812fadd9d02192af4c0
128 2 24241 a7ac5516418396c19e47c0c15e5285bcf2f09c3d787d14c02b199f1df19d110b
129 10 24041 38f2d2fd61eeb0c0d205583f21d810c7bf60607d2d1ff06b1c6f9b8eca86c9d4
130 10 24989 c16de3dd0af3b9c8e12b3c9c3bb00d76394e4028870a0900068de49110408a06
131 2 25499 0a2522f6b0b6edb49e8a6f3c55d6df4137d565917f683ecdcf0a85dbae6d81c6
132 2 25425 445d4f46274b8e74e58737c3f727a641d483b6d95848d30d6c5a1681bb6e6f0a
133 2 25424 cb5b58d9a260f66d88eb2922bd6374415a17d20a20d1d86fbc0a0d3868358e38
134 2 25349 d0d2132ca55bd1f4972729227ed343f1687cce09dfae3c87fef5fd8b9c5675a2
135 2 25276 d8c6972f561b8c321aca2fb9f6372be95f9616af59a3fa1ad42f24617e9a78b0
136 6 25076 550cbf151e759660f411b11ffda053353c2aa746d468dfb68112b68a8d10308a
137 5 25123 86b7a49127e0d428bc46d3f0026957726b4695d7702433c402cc45b5ebcf2d7b
138 8 25088 cd39726a8615573fd4a2e7f15b89afd654753dd28efb34a6b223a4d64d778b30
139 2 26340 a4b253a92801246d3acb11be0b8274af4434e6f87568ea3600d55874acdd5b1f
140 4 26080 a0155ca45be46e5e29463b5c27a63130bccdb69803e994292d330e09b8cd6fa5
141 7 26186 e0c80888f062fba037a1a8e853e3196fa82f84dcb6843b2545cdf4469940409e
142 6 27199 74275ab469b3a71b3347b08856d9c8b2d284c7152690a07e19271e3d53f00d80
143 3 28228 4f5cfdbeb2bd39d4effa8fb56175cbb6146c68549b83d1fb8356f0f8fcda0d5b
144 3 28229 7a96b90cd38cc706bd8a4352d80318ab6fd844de6faf293a2673a6850426d662
145 3 29182 811f84b2a8a07057dbd12314d838597892e6d49127e88f5fa4f1c3b95806a259
146 2 29229 af9925b1bd68ce15bde79d18d1bd19e4f296280a94e0c9715241be4cf8598089
147 9 28928 10145822af1fba6917700fdfe016f30ea5d7b99f5f0ead7ca643fe19d7e57cc2
148 8 32294 40de7417b13bc4aa539d18eb3ad6dffb9845575c6e1f37f368c5f9afccb052df
149 2 32878 f9cd253ace9af49a90564fd71a0f2769625cf20b9e4da9a40d52aa98336dd208
150 2 32877 5d75d5e9b172ca645985f790ef3576fcfd3f0efaeefe22283309f3cc332dbf7b
151 2 32877 0c52e8502bd8fb1b7d913637f1cb3776510bffab130ca7a20ad5513213ce7e7d
152 2 32877 1703424f223d7ec951d9798bbe91dce9229e3a0353678b9d5abdfbd9d2f42e5c
153 2 32877 fca138c8493f79d9973dd5ffa64fb60a6c889e3b6ca090b34b2d085d4bb04fda
154 2 32878 60e8560d7006647f06831a419f262fd027d70fbbe32298d8ea13b1f05f48abe6
155 5 32747 7164f85a8c75ed79024c5d15e10ceac324edb92f73bcdc820b2a35f5143501e8
156 4 32793 bd243357c8dfcc53fcb746a41fc179ad238661a015249a063226024351b86f8e
157 2 2502 92db626573b2aadb7b0d5ce18462b86446755cde96bb822dd3a36a4900eaf000
158 2 2500 7a1f6fa667bd42b98417e18fc155a1720ef33ef361474701c7e34143d7de324a
159 3 2579 c2ef1d7b4e892e10b1a9f28b781793f4184f5d6e43f2d632ddd3960188db339b
160 3 2579 153f3f10d1af1add1881aaa3c3339d35993c7ce92407d12728e6fbf030cf7c06
161 8 3248 20e4677fcd3f61b1222a4c0af0ac67a0e76d14c99e50f003307b346627b13364
162 3 3597 05bc58e19eb237de3549c4d9edbb109d5c374b05532d77610b574cf637acc72d
163 4 4549 4958b2647abb18349ba81ce486fde62dc10ca0ff3b1507496f8b4da229cdfe6f
164 3 4561 8f9afd26950f6a1c3bd26ab0e67c4b43d81ca2135eb8e39604d7baaebb12712f
165 3 4627 69fcf9665a5b2e7b94bd3a0bc66c6b3e2263869b88d697bc3039389cb2456a6a
166 3 4627 e655f3c1d205b42aa4a4d9248e7f4a4a09a8687de8a1191be942cb0ab16c9409
167 8 5297 840dce92f5312f567f439f4f13bed5245a0c4e467b03c21d64051537c83ac731
168 5 5659 228a31e842876474542e7275c3615e834833b1516a1327007d453fb4a9f92b52
169 2 7630 fd83ea96bf73bd9a217f94b9be5abf2973df37874d318d8467ca3aa791540a80
170 2 7630 03dc3dfdae72f37c5e243db5cb785cf763ac5b187bbb0d9ac092c67917217f70
171 4 7719 628d5d88a7122a77303414b29af9a118feea1ce3e3ebd4bf52c4b9b37565ab33
172 4 7719 267963e4a4552b186f262f044f237f39b1daebfa5c3cf3831caa9c43055ee58a
173 7 8671 2e388092d5a400e5e662269a29ac0c218e8bab9c5fc3b8fe4bf471d9d0d2f4f5
174 3 9150 0eb49845d908e29bd913fbe26cecdd415094f62c79dbedaf360522b6de55dfcb
175 6 9773 7fc9d66562df3c1102439260bbbd06d4c083cf4c9aae5e4920c8bb108f589824
176 4 9785 690aad301bdec5a007435dcb9784784827d35774f106bcb12ece8b7f4260fb47
177 3 9821 7e60741d0e1c0e02722686fb9db058164add2ecb0cb88e138376a53f3f1f9e08
178 8 10488 74a0a8b3d03c406faae458ad1890397ea8000d01dac7af130ce40338443d68ac
179 9 10719 d33d7e61a26e2146b0ed36d3320dcc3f8d2030e9c0880ff9ccc92feb873719c9
180 3 10731 16add4045c8d3942f279a1e956550e3b6b89a9885bdcdfb06d9e92b4e1fef5c0
181 3 10768 8a022e44dc4ed1697444ad345aaecdb740aa79191560cabaf91a2ff09b51b4a9
182 7 10794 eb56463f865de6ced302f58722fc0f457b443e61f3db55d2a7d6d16fd21893ac
183 6 10843 4d190fa6ae95ca592857bbf0729a2a1eda5f560932016a37dd600e59b331779b
184 3 10843 7873c3051da20cc503cde93296d8c66d3b17a8a0d69a0415917453c61c7c6d23
185 6 11796 26bcba3439bca76231aaa4aa8cb38182aaf6b2f07d3e06dca2c1bb07cc088a03
186 9 11836 98498635abc7ca3cccad2b34c1b24dfee9f069d1ea3dbf48ec74563f188b8bcd
187 5 11750 13ae03727a887f59e8831bde26dc3291abfd3c7bf1c7f9f5bf0e2f82419dcd9d
188 4 11799 9b9e839901b799c7a92c5a203b311e703a5dd403326b94f8a140b335b1f08b73
189 9 11887 f2d88ceb1a4027fbf094de0b4edfc024c4131c28c583a84f0b1bec1b0c65c1bb
190 4 12104 a5bafe5125389ecc77ed381415773ee2cd1059319ea6d1f2ba13812ecba2c11a
191 2 12584 19c2b6f8a419754f071787b29b7e677efc0d4ff28ee95d0f8d82fa1130b2cfc6
192 2 12637 455aceb92f99f338923c27ce03435dd86cd64b6ce5b4c7231a5fc0dd6f3741b6
193 3 12980 9a59cb4496d56b04d5010c418d0eea25d857087de54dfc465e0782eb3f945556
194 3 14021 4ae778d40cd9f29ad5c18de47527a6f4b48a7822c49e2c5217b1a1046572e24d
195 3 14815 de6222fa1e94d2b98bf47fe8e1f4e4da06fe3fd4e2e6fc0610d92afce27dbabc
196 3 14738 df9ec012007e7e531f6441ecb0937b24b38350d29a1ca292239066adbf0ca698
197 6 15449 fc9745b4c4bd9a6c50bf0eb4825de60582f4ff2cb7830305e508c68c146dd1d5
198 3 14805 dd86769a7cc3d9484394eb5615ce433d6152849e3a07284210f603220708242f
199 3 14807 8d9d799524423ec8938a1f1a715d7aab082e7b2b05d8e604d7f44cfb186bec47
200 10 14894 45a7026dfd24adc93bbc48b3fd239a01853c786a661ddb2c757ec8990487510b
201 9 15847 572a35591f38f6a994236f3e9cf9390f1464cd7e4cb145a4baff9c73d169836a
202 7 16627 60cc51b4b097877cf44fe23ec95fe8c64f201237dd577055ab1f7007cad0364d
203 6 15835 dc526c77ceac1aee6cea9f5af1f160211a2ab38537dc35f7a6b0325697be368c
204 2 18172 75645d2ba6b777488757b65c06505c484e03fc75bb56f703a271021e4374013b
205 8 18656 0144d7cedee279377be743a9c1767ee5e88e38f7f7d8f96f7ab88e7ae3724a5a
206 10 18920 29db093392224e31d45cc1453c6a47564d5db68efc1cce278dab3b25b0cae98b
207 9 19873 a40eba5f145ad42e5b8f346c918509e5bf7ff39cd7d2984e89c2896cfbca376c
208 5 23522 3bbbf7aa16da6887bc774514ffcfd158a739fbc2c3b2ecc38880ea7ccb399d84
209 4 23569 e1997939aedeae66ff8ba5db58005c14e21c1d5e269a0973694c55735ce1cbf0
210 5 24048 a3e27711703cf358371204fc31a963967394661d1114873fea262d9bcccb40cf
211 2 24875 9d9848ce42240755256c1f71248c11eb9f0f406e3a7976293799f84d5fb5ed75
212 2 24800 17674bd78ef5e10eeae638556279239a289fcc6b9065d665251dc45d576b2b74
213 2 24800 29ce5a22f1c638edc99dda31369b557591d2336b0a25b0cdc9e3cf9ea447df9d
214 8 24842 9942304c20f61d12e46c4dc6780a2325dca7da594c089e9b56f90c1e86e6a90c
215 10 24915 df8d6970cf3320bbc105ab37d9ceef8d259b4ccb026fe4fb687356513ba5b075
216 9 25868 cfc8a684cdc808e710ad235c0d95fe43680ffaa9676c9a82b9f1b02586c294fa
217 3 27405 be231f8e0e9d782e0a9573e2d7992f4f6e3ea5357e412c71eb0e991feab8b30b
218 6 28043 4dcc5174cab84349076e77386f7add885000e7f016e1fedb3240b18677262ddf
219 2 29436 dbb0663bb093faa10599bb286e4015b3438eb261eea8915f702b6536f8daa994
220 2 29361 b2a9474ce4f45395e2deba19ee1e918b07965110aba8806f7c847226a445f506
221 2 29287 9473e9c5efed8b99083a7764bfda1e99bff60de87163b5a654f87b9ebf24c47e
222 8 29983 c0dcf8f6b49e5fe6702cb05abb0be850be25c2f64ef461bd1ae42a74051c1e06
223 11 30041 4f685fac5edaba721518c5404f939e07ac48682c60708414f40cfa0cec72e601
224 2 30479 a1fbcd2aef2848aa34ccbd1ccbf177082cf3aef30cd3727806fbd6d4a75e4df8
225 2 30404 de9ef9dd4275e7cbde383c323306f1695810dc76820ac23c89072b994b83dd39
226 2 30329 3ad2ec973b861be3e0b84a65c1b154a2a5c0fa45d32e7a7ed9437d04ea7a2adc
227 2 30329 8b9355cad072295a59155b9e591b5b5fd1a3920beeb3cbaa3959f699a9cc617a
228 7 30201 09864da542ad043e60ee0070c30db07f0ffc401dfb18b2bba0deba42507b7bc4
229 6 30247 7a5cc856b172824696d1aee7a7be4ef1618ac6c431c7f1e882cadf6fa4526a48
230 6 30726 3eb36a3f53977db83e997f25e3f8dc0431611b6bf44a1456cc9c2c125a049186
231 4 31190 6dcbae8b776fddcba9f2ed84423a424485ab1d5463c8220199e1045237b9bc91
232 7 31031 f50cda91be4447a5721e363292260af0ec5516ae127f0b0b36c3625a261521e5
233 3 32280 ad8927330807bd0275b6480bd2d3eb44a96b49ca3d990a681d736c021d9166ce
234 6 33001 2664b73df257f0c1a413ce514bac6030d84532d683a79014f67cc4e724c38e57
235 6 33951 9e6df885c55974b18c0f4f5b619bb17ecec0e2a30cd39b948125bfb0cad139c7
236 5 33998 f39e8cff33698213167db21633a8a5c2a839f6a761c232bceb7870e2e90b5520
237 4 34047 ecb6e7c4121b7d92c25ff78ae1fc5c96a075bd087c2e7ba006a3d2fb1a8c6299
238 2 34491 ba9626aca65eb187f4ebcf8878879e38d85174c33d958980fcfcaddfb5cd3e30
239 2 34038 f9e69b227bf4644804a944735ad7c683fb8d24f659d53fceff3038e5d6df576e
240 8 35134 4f6f8db5af2c1ce250312873b8e1d16a0ddb9f80278f6a5ddd8ac19c7dda9f4a
241 10 35011 a01ab0b063e27c1927820a76c0eef6e5e5a1e01a8edca99108fd7f79032e55cb
242 9 38379 9ceae3ffc2046de0e8db10ecbc4d6ca3c95de56ffd1a64b7389d45cb189bbcf2
243 2 38892 6d8c96d5f9cf0d0b07ad6c8054ad7e31ab766a451d0a68a6e660978bb3e256c4
244 2 38817 f519ceca776d0a3ebc7dfe1391ffb0bc7713036ff6b31e9967181fa7c7c538e8
245 2 38816 63398d3432d7b56b1b3abaa42cbd2deb61f223a2a1a3fd8a1aafa5e5b42f9127
246 2 38741 b46e2e318c3f2205cb10bb9604bd6304cc2e22857269362c7bfa34c3a17e4d14
247 2 38667 c3551a1bf12e988922913f6804a74faf33a1f0796cd3fefa2b760f8a1245e3c5
248 4 38464 76e44823364feaa0045cb34da79212a60cc877b806530f8d90ba3925ac4c2708
249 4 38462 b39b043e88f8251a1cd79646edc3fe3df0f0d02eeffc37e20cd1da6795e5081f
250 9 38377 066f8bb2a2feade14c92e17f8e9bfac832b9c9426199db4ddd00d95b06dc23a2
251 4 41732 760f2a7ba3a365aba977a7df595c450d8c7841b835d99ff63a73b39ea648b93a
252 7 41548 73731383d8b81467614aeb4203a08f61597a2a647a59cfc79ee2f4e5d544d14d
253 6 41595 a8814e99d2d5d494eda18117ce9d9436e3c4f4a6946c565260614ab981027de3
254 2 41550 ccac7931656bd0f57352fa5948ebd7d30fd2f0d2b3951991a64291532e22cc9a
255 2 41563 f5e85b7f9d28898bf353cd5a4a846ec18f00a6064416cb72adbca0f4c6deccde
256 8 42990 0c27f13d7519bbb5e25ac9507777f6bed20cbffe00afb78a9e09967c9745d8eb
257 13 42653 da4f8465cc06c47e6c23ae62afa2754c043a332934de46f548e3409dfb4c034f
258 12 42702 ae791b6448762591606eba4419b82fd256083f5e123b0eb47fb49e554accc8bc
259 11 43645 cfb6576ded1ab962171986726ddf8adab90002b48060bf9f1a28eaabc5dee955
260 8 46308 f2583f0235b72e88d2cf688a25650a1f6cff814f5ee96537e9484c520b0a332a
261 2 47045 1f685c3ed012cf1801b3ba932786bf013db61744b1d2a770c730a7b14e04550e
262 2 47044 cfc2f960767d1fac19e869459359a4a1b492c5d274e9ea6a0ddc60a3cc4261f9
263 2 47044 58ac093404f99635ba7db10a882128f66d2d05d90d8ae96e8aeba97cd6793d7a
264 2 46969 8e1e26ef5373902dc26054c7feefe44a99b236fd97db84e9f2bf47deae8bae16
265 2 46969 5b873248e47ce91d7fa84a487bddbd92bd4debe5b90c80eefc7c5dcd0e13dcc3
266 2 46969 c1ba153b84d0d407070cf3f72a59ad7cf892bfc0c0777ae593642242062cfb3e
267 2 46969 1551a358442d0cae1c1125a0c222bca322bcaa7f49f6332355f5fa16aa0c2d65
268 2 46970 ebae56370142c1c29e2fd499f222b7a3f020cb58dd415ecd5b7454ab64ecf7da
269 4 46838 7d48606d4c8bb4a91a1039a493a3b49ead669f6fd3000a92038f594fe695681e
270 4 46836 c50abc2942c35a4d33716630da8abd429296cce3e4a001b2a9a0a7307b0ba9f7
271 3 2502 5b32d2472064714af0374b0b58dbdecabf4f153a7cf8f97a4fa761c1e7cf6fb6
272 5 3454 cfe85ca9105a354e4a49db0f34a666eee62d7bb7a27e9dcc3ca3340e1ecfc1d1
273 3 3464 fae2748390b3b89a49cbfb484d851ea2ccf36b9f32c8908b203ed3cd3e701080
274 3 3613 33cc7432c1e4dfc3fa230f80bcd3c1eb2a8d6a858c2a4ee313f987b0419d5f12
275 4 4565 58faddc87be8f4bcba9436c0169ef0e5a6255cc39492ac885c993b15be7a2e1b
276 3 4614 74b5c1364526ce82d8649ac3d0dc557c4a36b67d7abf020b0100c16301c92c3a
277 7 4573 15d04720f1b4c706e8b255321c34e3d196082d1b94ae6a0ab584a1650c9793c8
278 8 5526 0ff983847a2492eab237b1a153c1e907dd1569788b54aec62e890dbf320d523a
279 5 6720 cf3ee5d7b31a5789a9ab241b48a092feb6b14ac7abf212110e63f476b5b3b75f
280 2 7199 7d404659136569478896767268fd3dc56150f26469e85669bb224b92c55fd2d1
281 2 7662 976d034e88300759ac475c2e343272451ed582ddce8ab3e5ffe9b5f1c25c2064
282 3 8615 dfab2896c1fb8f975802871cf4eea63cd4ecf5c52c5009c665867f46df95ccd4
283 2 8662 a2913bf6d5b89bf683a19bc61ffcfb60ccd422adb2ec8861f44df1f5affd3963
284 9 8626 d915196e43750f13c55f4508b972e8f196dc0e3d8821af138fa60a208285a8c3
285 2 9105 8b195dabee73a577d942cbb3b146fa575b1a0d6822c4d015cd3fe5fa020041f2
286 6 9568 62ae0588093821b138ffeb373bc92e38d9a18bd26eb0451e50495e160f0bc35b
287 3 11538 772baecde290882393663e8ab321d3b320c99bc857a763fd48263b839b51ed66
288 5 12491 783cc55f0327ad2349b17d7c89232bf7a76329810360654a30061228c144ec65
289 3 13435 40918869f4e263b4f59c1c35dc2249c264a7be7966109f180e48a8ff976363e0
290 2 13648 65e707f568e04494833f992333ef8bc28d224014c9890be6de9bd42b073be7e3
291 2 13447 1f13d5587720a1dd53a1267161b5aa4a149f2313191bfcef325c634cc37dd03e
292 3 13435 5728044b1aeb75dc11ce037a6b1016f2a51abd45d3044400d0806d74daba3c3a
293 2 13877 2b2476ebf587d8a1ba61cb07592a0d14aef91b37cd5617a0311e802ceeceb064
294 2 14449 59f24aa23af30c1f9f22388c366a124ad3fcf374f57b54fecb5d83276aa6edf5
295 2 14111 de8143cfa10775c30e196cfdece908446c67d41c1135a366e854f6148c9c9fee
296 2 14115 c1763b59c9de60911feb67f5b8cee7de119fee13e5388d4cd9b38054699d37e4
297 2 14061 78d1bc8159bb6b195e3a429b37e06cd32d70979404254b43fa1030b0194cba36
298 2 15834 17a9836b9fc5b900ea9f32c09bd755c754ab72ae451aa0c8a78153e20c9c1739
299 10 15913 2010d25f30ac9af44747fb16e10c5075b321a7515439e25a0f26e9575d55838a
300 2 19850 fb495331708afcbb0fe30b0b2deae08358c1a7a7d3f8c354c3e585806acfefb8
301 2 19850 441c7893ec9d74dfeacf20292333387baf1ece6518d47f0f86077c58f7a4b19e
302 2 19843 53eabb17925847095ab94a5d892c0a424a3be3a64592f2146d68bd00ee588b1a
303 8 18731 8e38e90f5ad02dfc4648cb0635b9d1ff578d9e7e522dc4720d104534c36e68db
304 4 19309 53964d42af00c9076afeabff7d7da0ebdfc5f20432548fbba4d26e0a2fae2c9a
305 6 18717 1a1980ff0a7aeeaf73781e39c0d723ad82c17454020474bc94d0f6a5db965d7d
306 5 18259 4011e38ce5dcf0f62e4e116635877a1cc9b07c41c38d3e313e5fd0178c938bb9
307 3 18375 be721312f1ece1f518304393cf17aee0d49f0b483ff42603c71938e1e4006598
308 4 17667 cc4879c8c20c979f8f9349b9c09c932fe26595e06231dd63b61ea7c8da84562c
309 3 18611 527feb9c2c5a71f28cf9beea40bc86b48d7fb6aa67ec0804ed4775a44088194b
310 3 19121 c421d1e40496a355a77e24131112c81b4738921c34faefad70b458feeea0491a
311 2 19617 971428a175f89d5f1cd0677f8a35cd9ff2b4ff5775a3f7294b2cfaa84e0086bb
312 3 20570 a770626dcafb99193f763099e6e972cbadfb64a1bd08d69bebce56b791a7993c
313 2 20784 b2f79bcd76ac609b185606728c4d4e12d1b64b60046ad25cb3ed71c868d4c98d
314 3 20582 f9efef6ccbd4035e76b651059f16b6797f8a8d28e686f55ead43c7541a8a735b
315 10 21025 91df43e4d2c983bfd021f44842f021e115980529ed1740141edb1fd6cc431216
316 2 21239 c21aea7182be5ca10eabb529b63cd445e6f28f8a1f14cef793d6ec79fe9db714
317 3 21110 883251eae1146660bd4fb57400cce32c3e65980bf85dca7724030533ced22692
318 2 21151 afffcad6b7fd12e42183b94c172eb64f5a19a0be4c03f44e48b9612c8e87d3d9
319 2 21157 7449f7d9a9a35c8b8bd1993b9b4cbce7d2f4aeb93c9454a8062920ae39b704dd
320 5 21073 e72cb425b525e893e9e97500c82c73bd6025fd912c9b68ff4c00a6b31d978e92
321 6 20655 db9d558092b208c60b2553ce295518d245568e3d7a71b6f93dfc07b7e39a29a8
322 5 20703 e6acb8fe984754a8d9a2e5b9095054811a706aa3a6eb25ce2a2d0f980653c81a
323 2 21085 aab5bab40a01fe3f30338bd141d013b50053de20ba8278f390b8abffbe1202f4
324 2 20916 990a117b6610bf82cbc357499c87e27ed9ac061f62cebbcee8209f3afe84e643
325 4 20789 701e584495a56c02dd19c2f2ccb6c2de1d45153e8362fe42afa5cd97009f09a0
326 2 21228 c9f7301688bc9ccc72c5f8b4f9f92ccf6337595fb3efd722e58d3df17d5159fb
327 3 20836 e30e3a283a3f0efdf3366852533e6f69ef20e9567edd5f4d80de0c16991fcd97
328 2 21275 a7ff16129b68f067145ec2705b928f28c317304a3b2f2aa9eeabe1a91aae5751
329 2 20801 0f2ad6f14cc38f945b9f5b7f9e216c145bc2463c933371eb5e42524f8b09b740
330 2 21179 ede518633a09c2714e8be1f4c333d85d9657473236c62ba257d472629c1b93e6
331 2 20853 4f9ed0ed2725573eb7530168255e1e5d3c719d0a87bc186f92672dd203448af0
332 11 21105 0813a99e1d6465d005672f4fb35cc4b90d3d0c077455041e2b5c3527a4f6ae95
333 2 22364 7c83aa252ebcd1bfc0a2144864a7bd1fcbda31acd6e3e4c149848d5e024ce302
334 6 23220 3d864292b4fcd01e61b5bbc0d5e80a9c645cd74d8836bf015b6148cfe2d9ba8a
335 10 24170 641d5c1f667de47b273a37bfc248ea5f87bc3f2af03ad1249c9aa4e4a4197326
336 7 25113 34e615d2cf0b2f050ba195098827d491f25262c262c3b307ebb28705c8a1a31a
337 2 28692 a14abb3d44e030b4afde505ae1aba85190ee83fe833c7f7c3574969e24cc3a8c
338 7 28352 49cf21b9024e1a0015a790f84394620b2f77417ad384df69af07df83e7ef6280
339 6 29305 1e9f15b5f2e9286f03fcedcc9b2fa10581f2b5fb187dc8fc85c6fbc7a5ac11c4
340 2 29519 2fec8b9040c3abb1a1ef73cd5a72030b974ac77918e554370acf09bbf8be5407
341 6 29390 0c798a4b12d5fbbcaf057f0d6f54b37466620e933cb69ad2c03098ce4b2e1077
342 2 29951 bda08cfc3e9d4b190a22d47f930f0300790d15fefb779ce337693be0448ccf1e
343 5 29436 67eda363637f7f20fe64a46ddd25eba1cac84d4a764255e99f144f330d889cf9
344 4 29401 bbbaa5d3174e7a8ce3b825d8fd0d08781083a60108aebbde75e7018b436f9464
345 5 29880 b666bd32796b31cb9207c75c319fa85090b0f945d9504454388935ca919b76ef
346 2 29311 a184ae2bb198556d93f72bbecda6cf1d0bb9141170c137156b8868becfaad6f4
347 12 29453 c715ed286dbc7d6c74367ac82f7f49bc51396ca4cc5da6e6c988b29f8f1f597e
348 2 30705 e37cd358e4f0b0e88245a094e90609b139e5d74251955927b83125960328ffe7
349 9 30397 84f04c3fac544637d365633ce5f1d7cb0d5d6473606163fb1ff6c77f44707f5c
350 9 30214 945451ef109fa49b351b313732297e24282853b8c97f29f92aacf0637fd3c9ac
351 9 33583 9685fc89251cd2c5842fbf5c38b363ab90de288b2796c89146ceb8f384b8e762
352 5 32928 101c74cf5575708055dc8a8010ad5a9f89eb0ebc587737ab699d2922cbf69245
353 5 33389 4fe3d67b1f4421afda73a4e30f85961f5528d46b2c675232953ff980579d0e10
354 4 33438 f9fd4638074c0410d3c94428265c147d3a85811d874558c6fa9ccdad166b3b18
355 2 34666 87b05831ba8102d2af45e13b92b1ed9ca972dd85227bc07ef9a404cf72407f7e
356 2 34593 10efa75453477383ea3fc48fe03348ea7760eca297e2e76b74d50402d2fd86b1
357 7 34253 72e2edb09e7bc2b61492b5d0944cd161057467d1b7889a57404cbfc5143583bd
358 6 34728 da6f03124bcf338b3d1df64aac6c10373ef9b8812c7abf53ba81d4189a4da0f0
359 4 34845 1c2c42a0ddfba70a31d78e97fc33fdb98c748c9b2c77bb0eef7314da84f914e5
360 3 34918 87942485d62d9fa1dc3d03f9929d046073ad19291543ce5763793b7e5670e8ed
361 4 35160 530073fb3d46cdd3c823cb79e56e4a5290527bd603a5c7a177d65c9b52f26685
362 4 36113 320753f53345e590889f35cdbec5704087ad8855be0022eaeb861fa00e7bb2f5
363 4 36125 31f0ba3d0da69e526f5fb47974082452f771e4679a759ab51403c46e41702d31
364 3 36161 75a44ab094e4d4b1906c51a06843fd3a33fd13bd9c8e4b6f111a9664e94766a6
365 2 36210 70c3d6d0e0721a7ed8f9c4d4719b6be342728efbdce002ab2b9320f2b94aadf9
366 10 36266 0d527dcae72bc3f7b5247c5331193b62862433edefc459c382b115d2b129c2f6
367 2 36422 a8b01486c87b1c53561bb33e41662162e343f7edeef29d7959bad596cb634a18
368 3 36532 646f81ec7a8ce555e6b138c85229ac95aa5e5c5ad6a97757347d2f5fca8531ed
369 8 39679 3faaba9cb4a5e4adbcebbc828436d376bb73ae6bb6d31ecf556b2b00107ecd92
370 2 40039 362b7d0b1c66ebbf9b5c1941d889d3672964b39a49316c5894b459d8612ab0c9
371 2 39965 0b29332b065475e0e86aad09f60d3986ac66aff389ed9d0ad8532c1965eedbee
372 2 39892 d96c348ce6dfc1abac85b11301542d86d808a0df591c18aea2fa16e25bc66b93
373 3 39764 78915fc1fea7384c467baeb1d4ce339fa52b7e047de4b0ce2fdab01f6df13977
374 3 39762 ca48c2048a0a633aa3a2730c53c6c2723d9028cbcff9684102655c68a68ee3fa
375 6 39727 c87c897dda43c6b286c0b347ab3a75b339dd0d12bd227a5fc766af4a33a98ccf
376 2 41851 37cd45b2bd3dfadfaa30d618d40f5594a29b732cd4388923943aac66b530c890
377 5 41667 67a264a92e293aa3f2e79831f641d498aa4c053bd220bd71b653708bb49872a9
378 5 41052 71ddbe34f6c9430d5138082c9f99aa92ea565eafe85355cbada27b9abf145c23
379 5 41343 3a4f971a3e6a94ef78f189f49e7dfa3c4adce995b1f63186f8566210004a1b06
380 5 42296 e5ed428aacc33104b40ac3135f9757fa2932cf5d88d0aa3ec112cde1efde7611
381 5 42308 f92e2579e0cc73cc97ee6ccf3c6597727939ee88bafa696f071c642b3766a2d8
382 5 42296 3d5eb3e86c6d3c6e0421f967c0c8efbb3a330f5878e961747ef4429635ea5635
383 4 42343 3bc3762a2d4dae29dfebd2a32db023e5da30df26ee1037ce5c18425917926b20
384 3 42392 9bdb6ccba2f990f0eac42a31ba42f6d573956b14caff85fa58df348f4e36bfa7
385 2 42441 1aadc1a63d57a8aff8d1f2123f782952873a360f322cbd63c04404ef5dfd12ea
386 11 42338 c081b726a38f2bd158840f98ddcb1b5d4a411010c216bd2afe332d89acc93195
387 2 43008 f9bb292004eb1b76f72252465142ff321d79fbe8e507623b2d0a1151a472ea4d
388 3 43066 7d9ea0dfc830671e552dc1032be0cd1ce6635f4e50e10daa355377f2d39560c3
389 2 43112 6a2452c7f4ce4e5e81eee09ca8cb5f39a8b0f98fb05cadd3da40c8ffe388daf5
390 2 43977 559527750b0923a74c4315fe211f399f4137e4200897ede07b73eefe43ab8c00
391 5 44664 e14fd337ac8bc8c6ab2a9cf6ca734afaf72c77069a8d2ef694b36be69a4c8115
392 6 44520 b1d3d421373ae3e43b813d74ec02e97f75e45c8c7396114e1da6d0e913c2f85f
393 4 45463 c1dbe1b1546e567e6eca4c5bdb01130b13d5e6b44f66d4a07b7d9d41ea8273b1
394 2 45942 0c2e662a84daaa70a6f434a2e0d780d6db6e3b186557e38639679ba35c1c0c3f
395 2 47800 419bf371cb4e3e768e125c76df3bce2fe13df51e8cfc541b6ed71529c33bba8c
396 2 47799 87e2e30585d564a2c1e2567b143173e30ca6d188f1d3cd598f7d5bfb128f3bc2
397 2 47799 bfb52fd2dbf12b0526d8f9f62902d9deb976049059ef96155284f64cf30b334e
398 2 47799 edabad53df7ae7efbe9b9ea4f3fb47cb4ed51d6ad71e9629cd15dee3d8be1409
399 2 47800 58b3878f981468bbe570a7fd1d24b5ec270ec3e1d524ad78ba1b4f4b9f31923d
400 2 2502 92db626573b2aadb7b0d5ce18462b86446755cde96bb822dd3a36a4900eaf000
401 2 2500 7a1f6fa667bd42b98417e18fc155a1720ef33ef361474701c7e34143d7de324a
402 3 2578 1fc84809d50606b477186dc6b70c4349569f1209b9d6ee45d899eac14bcde05e
403 3 2578 1a028081082774beeb78b3dc2ee5a02a1d43a20cc73681fc471208386b663274
404 8 3246 dac7b6841e6054666617cf90da37de565b50f513691bfef9123cb52653406db4
405 3 3606 3c23146ac4682613010f2d3c9b207dfaabd2bd2f4f4f2d470732845c385cdfab
406 4 4558 8ddcdca437af1c8d51d36cc912199330a7fcdba569f71daccc74fbd5f29cd93f
407 3 4570 7048050e94d2a36b86dc0be2603df666744eb4518637ea5ece1fbe3a2826f616
408 3 4634 2055b1999323215ac65426db079bb2e81ab92cbe7e9f24880436ae86787c3ece
409 3 4634 2d5deca3330a5a71313b5a06dedf0525aa9c7acdb5e362407bb10c92a732bfb2
410 8 5302 214ad8dfad6a1b3b6e53eeee37860438e69422f8e533a029e65bb7020624da4a
411 5 5668 fe92d6cb3d31ffeb395ca6803e6c833b4361e12c6163155bf67a37461a400a39
412 2 6147 59937e7b080bb446f7edc5ff33fc41678747e1eacfc3a7f3d45665ad0b763ab8
413 3 6610 8434d10f41f474699023756db3fa00f3355ccea40982adab61a9c3552e9beefe
414 2 6622 50e4ff1033539fcef3bf49f2ef997bac82cfcbef288e915c4a27edd9392a35d7
415 2 6165 ea72db862b42e8e59d9b8aaf0a0e931ced59129a5e8c1d785883fd5ca71d2a6a
416 2 6595 665939620d289b4bc6a8d736b699b2a9912b086baffbb45d827451975f98e167
417 3 7547 8cdbfacde1af8d92d1ec6e84a8142a7e90bb657e0a08f6fe5fedbd35d60588f7
418 2 7594 6e205db94e9584c0d0d449afa19c5815a539012b0946a6373459e8e3a595fd80
419 3 7707 6ddd382a7c5653ea30ce76dcd9f09904b65f75edd6c4135e36ec74c7cb06c14a
420 3 7709 a26747cd183b7eb41e8047fb88fa0e1f949e28affd2bcc41c4773fc76e4d2a01
421 8 8377 998e093e499cbdf6e549a23c5fd361e743b2c9bbbabc023350c06e538a18e0b0
422 4 8657 72f186fc5bfe6b3653487005869c1af7dfd1ea43eb0852067ca96ca97a88dab5
423 2 8669 8044a9812969adef782dc7fe2ba4b354c9dbdf0fb2ffb6ea4593c8d7c5843ff9
424 2 8706 7f0506680d015458efbfda99817dc742a19f69589a3e1f63b1ea34044d34632e
425 4 8734 ed921ddd52f65dd2b674ecc1109723e1a010ed5aaddf45ee9668033d92d483ea
426 4 8734 eaa7ffb3f4f4adf4b4d4c674f55437bdceed69120958c78b641e0a8062b8a041
427 8 9402 aa2b9197989ed6f59b199742f689ceb4d6dcce029073f8fe7c52135d32a4b0f2
428 5 9766 831a31e6ca9260ccf7baa2624827bcd30d5af46cd3be134c15a7bd4974a3e5b9
429 3 10711 8b1bd92a67215f1a6d157891e585c9e91935360314a616a14af90abbf0aa7267
430 7 11489 121e8015f12d8a7b241715c39eeee646526619c9f20f228faee21e13d7c94250
431 2 11725 4525c0430cf74555f5b68d73431e7d2de2fd2008712d8068f85163c96f3418b5
432 2 11725 0c515400339123f60f935098954acfa768c54d40c1f8c13323b86ed2589d5cca
433 4 11810 fdf03c36c9eecbe690695da922dafe340c6bb8cec1061ad7dca6ba58717049b3
434 4 11810 b79e1c7a97a5e15a2eb803447992fc171af693e497f128660131db4c0e35509a
435 4 12762 56f578cd22e184c4ab82dc9bf3a17fed69ba2f91160bafd7e413f2ba209c1491
436 3 12809 85650396c666a5eceafef2fe101ca82c39911680a428bad0d5d52ddfac45634b
437 5 12841 62024edb8aa633968f9bd8022e435b1754d420bd9b02c109e5630f98e7b309cf
438 3 12765 e8a14a4436e951c03c4059de94d815c42046a3c4f15acd59f8eeb48adb4e4a8a
439 2 12307 b65960d0e1e7094697db546dfd3596fe64681a0e9c7201896ae56b566533fff8
440 3 12233 b2f73ba1ccae353f06246aa6b00dcf34e7af9732760d70cef0d85da675bb76b4
441 2 12283 e3c50358c8211e952567d8bbd57246a232c04f549b56f6b378bc6b0b79aa71d6
442 4 12878 652e9015b470e5dfd285e67c163b76b01e4782eff5040a451dedb3123ff50a64
443 2 12880 c3e3d075896bd02794ff35eaf22effd126c0487f7877f4a7f6490b9ba8b3cdae
444 8 13549 476ac6b0b8bc4019a7ee7d8233fa4c1aac08801949b4f84541d1cea0899aed6b
445 3 13858 eee6467163ed2f301a78c7f738e7f62dbf71dfb38f7a5131164ac12b40ef69ac
446 3 14810 84400c419cbd5360f155225b122a9511c3a1f68c38a7cd0d9579076026e97b53
447 2 14857 df73c0c7399ac3967640deb57f1873160ab293f1c4665bf4fd3441261245c4ea
448 2 14865 93c3c61985ce9b3cb15074feb2919dd7d70b80cd1b71e0475c1ea23adb0b8498
449 2 14407 2f475d017b180f14470e0846216080791123d61dc1e055ed162816d59252a87c
450 2 14248 e52285cde0a51ef6da08e872dabce1ef62f7cf54f839f243071026d3cb76cbf3
451 2 14843 2aab82ae646a3bee99334d4311b6f889c26e5a23d809523398abaac7d923f36d
452 2 14857 d610e060c8cee5490553fbb37b6227026f2b1dfa3fd3ee01272e334c164582e8
453 2 14399 a94f80c01a138a183e0c4073318eaadc9a157051fa9fd213c63303a34bf76acd
454 2 14864 7ce8430aaa6c8a59d560cefdfa15c3a7af6dcec46f2e4cd7d40f2ca94a306be4
455 2 14864 8962ffe70e9748d9ffdcb23ca1728900e2e47d3bd43b24f34da3307a6621ce16
456 3 15816 c6862c168e067dab04df330803541d99096f28fe2649ca8748fbd9a212fbaa70
457 2 15863 42409da8b43a927a7ffebd7498e24393d70ca208139b1a47f97533938605aa1d
458 2 15897 6a0701067530e543d631262fe16a8c7608cde258d99921ba3494ac7c89ff9580
459 2 15899 29fa14f7eb3475174c2a4c79375f71b86f4e2d2422621020242a6376ea765be6
460 2 16851 ebfff666cd29c5fd4b92c4cf6e7b365277801d7199a2230a3a5dfa306d1defe2
461 3 16935 1b519fb611225ed3263a0c0122d9d66fe94beda30ee2ecaffb7a38cf5b36890f
462 2 16949 d0dd93eac6b895ffa6f54947ab25b08a2c649e8e6a18e91eb67b97cacfde402c
463 8 17655 ea49e35ffef8838f0fba731322229f19c06e12e2caeba748b1b3c5229f56c0e6
464 2 17957 3a7a640b7f0b6b5644f7362843d70441d3b68e9a549a1072f466ac7a6c2342df
465 2 17969 356622a9c5f937ed074f4c147b848d185caa92c0e46fabee606280f0522b8dcd
466 8 18674 61533a8281990fd0806f2746b1587070777647271f64a2320bd5266e40285b03
467 2 18978 5b34f88aefcf2498b99e2da599075068633c67268fa6b2b0a5fcee181a130029
468 2 18990 3b6f3c62c9b6eddbf65af05dbfd25f05d522dcf2f05b44ef8cbea5df680e4700
469 2 18978 3858b855815cdae5f6d3111a2700c3d3a8c15079b74508dea28b4f589e88516a
470 8 19693 95fbae07aaf75a7fdcf96d145146e618475009ca68c55961dd4276a2fe5b662d
471 2 20005 d6dfc220a263ee549f8f47b3b3593c104930851e2ad1ca9c69ce287f47027f2b
472 2 20019 c1f153b0790af0e584130885377f239483252eff3ebe004cd8b135d2b8393529
473 2 20007 fa71661e5e548ffeef59f491a536e860e0f028b35e95e51a4705ba43c401dd7c
474 8 20722 a3dfa28b2d47e1129a04040f332f23ff1bba7e9fd2a601b21c34f53aa01cb8f5
475 3 21019 7b51b8dabd6528da26d83d722c3ebddb12ec650e8b9f3fc89079a3a008474653
476 2 21069 6ab147e8ece00cac5cada4fd6d783031abe69b043b21620d1506d03ea01820c0
477 8 21738 d488702c8c08aad7becdfd6a728838630fa74d20d38b0c50925c1e43c5dd75b1
478 3 22050 592a7bdff0f4e86fc09eeec8eaf2b6936371348220c7297c2b417c83761dedf5
479 2 22062 fee653f79f2d5484014c7d41573ceafab883c058cb8bd4c8c8386b16bac9b1f0
480 3 22050 b313415302ead8050cd3105a3839b8b9ceb4bf136a628a7a5aed3fcd8d94445b
481 2 22098 381f9ba63a4d429fac222a7858663f32f54ac1831e3eeafd5564e76b1a17c9e7
482 8 22765 3f19d5c32322c3b25de56a62da437cdb43485903773df9ca494311522023059d
483 3 23062 b2f3a4aeef2cf49fb1c523f85787c83b8d62a587cd62d1d34729fc3d6af0cc02
484 2 23112 33a742eb5c65b5a2f4c20fe77334b1f6cf1e2b27fdc42313fd696294a9b9fcd7
485 8 23781 c2a868359bb218855af9bfc4709dfb37558eccc10347c7a6a763d7a5c2827f8f
486 4 24092 fa0ea89d4d9512f970c15f36869cf94ed5d6c6323d49afabd11a8e6936725486
487 6 25045 9b4fd2a76bc8024d76ae7179bb2356304fca970ef2ca189769115b5ac9b2cc49
488 5 25093 1cc38749787ecd3ea91897d989bc754e8d8de5c6cc8b024e3240c65cabcf0cb3
489 2 25701 239a6671183580b48b7aba44a491b4e6ed56a9d9c53c620a7ed168fac6e9fc2e
490 2 25705 b3250f265f1ae8feeec5b6d4efa3e3ca4c765dcaf6cb254523e73599bc0afd09
491 2 25569 a230b24318f18fdb65853d1deecbe67ffc6090d2281a5c35aad3fa66a0d97345
492 8 26806 35851a1d147c407dfc0fad5258f14ce8760fdb8e3d35e82f31f3cb728af3cc8f
493 2 27375 563ecffbb7dd3751095701beafbaf7be3deef38a633b6dd82a8fcff27148363a
494 2 27184 878eaf2b37fe365ab5faecf2458a2e9308c23d289743172e130d591e59032e5d
495 2 27196 508e8e5039a4f5785d525f179777c2c8d8af121c40649b3e76f32dfb2500ffd5
496 8 27900 a48081bc1bd901ded65920dbffe02d37860ce4b7641ad4a4db83fb20892c2e31
497 5 28198 69b2bcce5e99f1bddef019592f62dc67a58303326823861dcf02b84187e86adc
498 2 28412 54eb020b781226d3e789ed83b7235adaba5b73fdc82e5f1591ede722cb2d68b3
499 2 28210 22cb1bbd8964a583eba9836e016f7ddb3ee298468b2323f9d20bedda2924fd40
500 5 28198 f4d1330bbefedf1b67cc1bd0e89a8657a0d2c2012e84c4c139feb1dbe3963a4a
501 4 29151 66142a56106bd05218387a65aeb70a1e28065dfd535ef245391e73cd482a7c9e
502 3 29199 cfb3552d193e07c4471af3dbc909dbe9378ca2035d92378dcbf6f69f280ee5bb
503 2 29247 77d0c042e320a58c01ef264e1a6decc4658b7de606e8cf17173f1c62d53235f3
504 3 29155 1944752d54fe79a19ec2560ccba09ac91883fb2d7e8bc34ac0b33ec9f46d30b9
505 2 29261 7063e045f3b063328397bae15141cdae7c7db5d1d948323b7642f91c05d65384
506 3 29222 a34106e8a824b130feb226383f7b9a3c131561d6dfcfbbfef45ad2873fbb76b1
507 3 29206 4a4a485fc7f8fe28de89816bcf4f9abb1c6efdc218e178b1863512d5f7175472
508 8 29966 dc07bb468945028c8922398d62ce959127ad515a5b712be7cc8581c18bf81ce5
509 7 30262 fd2711de56e4bcad000c41d5e38cfe866a8af299879ecf0183ed8f8b42ce0322
510 3 30737 6463048048c255974a1056c36fde4756805d96cd857a17668f73cf9d8936d3ac
511 2 30790 c1c6a5bcf4adb76dffc75e87b325f95a6ea8ff64f369f3f2e362e7c7627b55c8
512 4 31182 ba21a73110f68476a6811ee9630bcd44ee2494e90a66fbe7919ec54a7ef14221
513 2 32135 8d1ba0ea44a431afc2ff5a751b64461d267ab6e6aed2763de866af8866a59d0e
514 2 32349 fd30a714e981df3a8703c382e6c1dbb021f3b9bb59702a89d1cad78a41ad5bbc
515 2 32147 ad21a014ab521e44d60775e183fe2cdf4bc0ddac948ede5978938e10de591773
516 3 32318 23c348a1c8dadc43408f00b2687a7cf445a095c81a08da135cfc6a1687c73813
517 2 32330 309b7448c053b123de5c3e831a7d76a6980ac1aea5ff041e1d16ddcaa4b3eb2d
518 3 32318 45a46baec65ed8bf0cf48549698c96ddd6c4666def5369d67ed070ea47ea3cc4
519 3 33271 4c0cc09fb67e242da6036a480707c30446228b78c05393debdcd4af0a342b168
520 2 33319 0cc8722e4d8c2fe94fc54f7a7a34de2e0829ae770a23545aaa92d069ad6146ea
521 4 33253 ecf26f57a11e15a5584032574311a46cd2d13156a473cf09658a18c194281e58
522 2 33273 9cdffac5418fabfc04d7a756c60a49236a9845f6a6485949b4e6b2cdff713037
523 2 33467 69491d5c99f098cc21d2184fadc09728244530e4ce6dc151f2b92eb130a2188a
524 2 33340 00f3b27299965005ce0a9cd29d926cb9a016853d367231910a04d268e9678be5
525 2 33421 632d953036022949a057879a1cd75b667d4af8baaae715a152cb48418b1bf0e0
526 2 33414 4f0c1656ba097091005d849766f60c06c3962500087cc6e4fff11983cec94110
527 3 33352 4f130267cd4847d46334c81946a650c8b2a09074d7ba474708967ebad4db9a07
528 4 33353 eefbee7f01863237da3a2bb2bf3e38a398078e0e17b672b746bee7b8d80ec995
529 3 33365 32a73d5c45083df10b5b11251ddb3c768d57cc1164bb67b88631f2f023c3d1d2
530 4 33353 396d3bb8fb643a9ac5256dd2e084e3eff6fce193b87f7cd2bcd7d4e6e9f11980
531 3 33401 dfb53ed5f541212fb9a56612f532b5d14f670a833165c7201cc758ceabfa37e6
532 8 34068 b008ebdf0e72364e2cbb8e9de22afbd2ff878e080d5f929bcf2f61ff51cbfd8c
533 2 34639 baef127fa21f522f5bf9482e513d0808e4380e541f58884ad450ef3da1586884
534 2 34686 28fc4497f05504e65ecc62d19f7ea3953ed416eee9edf1abada30089b6bfaeda
535 5 34365 6d11445f3301b1d1d2124d5778061a3ab630334ca1ebff4a634e9fb871922f78
536 3 36335 237686b693373780df12c42a380bc332efd75b8db539573e7bedb5a34952de1d
537 3 37288 42b2b25104aed8e29fc1a70797022051a98d0fd8696db225ceeae57e6fbb18e5
538 6 37999 9456f58dc5e50893f30b3c059dc6d500d0c3ad0c7ed8df8d3f12a84f823e0935
539 2 37485 156362781f53aee07d0b66f30eca561de9c8e37cb9dbcad73525b1dae59d837d
540 5 37471 aa4ee6c6b4a438396dc5a3ca57fe98bccf210276c332e92ea8629940340c337d
541 2 38720 b29e1cb168aacb0bee37beeb186971afd3f209646f65a8f129d30275cf36b31c
542 4 39441 00dd31e5a6a0e524b66b1bdf87b7ecabca19e35965e164afa0b6f21cb06ea834
543 7 40220 caf133d3620243874af3635ad0b51c7620bb8bbd39d632760270719c550b9c58
544 2 40096 8be3505cd996ccf4a8a529fc82ec68a64ba58afba810884293e852094a0c3909
545 2 39431 982437bc9d05ade9238be15c39cfb3f94181a9ebc7f8d8d0220d54f62a0928a0
546 3 40384 0413e3e3d4ec90dc9720717761dfde95ed52b1fffc69aae1d00a136d14060abd
547 5 40863 153e8ea9ae85a9e90233c1419d25facb672c7702ba418db38f876185bf09771c
548 2 41315 38621094e7385f837db9395573332ac368ebdadab6d076664952e35e1b3814ef
549 2 41327 09dd0fad53dc4916a7a0766c7e3e9eb0f8b7976ddd44b9e845917d3b58a89d3a
550 2 41315 b3169e6cfd59130652961beac88b2c84023445c1c2179a569d18e77cb9bf3ba1
551 4 40857 1475c936d8ffafef9bf2f618110350a6349c345aacfb29ec31ae41ce211c9c15
552 3 40897 4e827815528f1ff750ff7537c1b3f37c17cb1166c4e4d71980a0e7be166bf22f
553 7 41457 e1e727b67adcddfd3739c8b25b1e46e2ca4680df6f45b46869c9511ff6af4c0b
554 10 42410 5fd5453a4c15ffb494eccb7fb4928774a9829592d7908ea80811ee24ea2efc1b
555 5 43355 b43dcbc7c492a5d467b6a05a4a5dc063532a082030b78a0aeda9b07e9e60de1c
556 4 44450 3115bca61e6389062a8bfb6991e890ccbe5a839d518d4e4d724963972c1cd834
557 4 44925 413f19690d8aa0328e4fac5d5d3ed8eaff837b86fff7c32997a10bab520c43c2
558 3 44978 f1af0890f08da5f3cd441ee7672e0bd2532bf41a5d4149d5d6386fbc60c986fa
559 2 45051 419969cdf8ad919d1e296cfe0fa57df34158388be8ffca6407296566384c69b8
560 3 45371 0b084cdaa2ce51dab57bc1a57abb7045346267f59804481a8f9d23cba062ec4b
561 2 45418 909cb130a991834b302fcd48ee4201216bec54ae5a6f76d2e5dcd9b5997f42a2
562 4 45897 db81641312195d8013789d176f06fed9c271be1e609757b919b81bdaa8d73fef
563 3 2502 5b32d2472064714af0374b0b58dbdecabf4f153a7cf8f97a4fa761c1e7cf6fb6
564 3 2500 42ac287f2915a69df825200f53a66d601e9c129f2d0a815201e50f5834a0e13c
565 5 2577 e346ed027977f53cb7d47d6ebe83eed7d316c5bb76270003fde60dcc84b9497e
566 3 3529 bb8d6954049c5d7f9b4b1d89c812f58b2cb963e98f57897e2a0cfb75d7fc0f9c
567 3 3541 4a44a504a94d06393da8d17f665e6d4a277cfcdf605dfff6392d7b496d4ba4b2
568 4 3617 f1068f79ffa2469fa0e13a8287823e38e20dcff9d34319ddb85ca20c98b957dc
569 5 4569 ee8f74e5f0ff402052e77fc4131bad8bf00fd9a5abe6fd7172389e30008c69bd
570 3 4581 78096714f20b9e77b874b5fda545efdeabd4bd59da7c8e9bdb9eae7e845f722e
571 7 4647 0ead9c78f19ef5182309af86c55cd2ca6afdd04e656b810d95577b0f5c84bd0c
572 3 4659 c50a4c177fa3d24acf578f3ac8e8208b64f3ed1776bca203bde61978d20f2834
573 5 4696 670e062a35dd36282ab2ce9b05785d72ec4acd36979a806a5bf17c4ad7028f57
574 8 5363 9def0edc07f624986331822cfff346b60e16fa495db08562383d96c839242d4a
575 7 5682 d0e616f79bf53697ebee45f348333c900b60e569268b50ecbb2302a07bd788f2
576 3 7653 9ea498db02b8282baab134db9665852cf799f867a12af15ae7fd11f1b7f24da8
577 5 8606 4e26e1333215d8e16f927f21c258c1e004a4e36fff79f48e212f76aae8b7308a
578 4 8618 b92ce23daf0b1f985c7826a5fce314cc2b838cae63815503e8a7e496f841c741
579 7 8777 84fd97404e95c42aa65612558ee589a01f67d9640b79ce31414b2c6d9d587859
580 3 8789 8d651f726965950e8e1496693888d786c94f28e3675d393bad5060589d489dd2
581 3 9268 4a9c5ac9cdce075bf5127eb6f1490c0a72e12a5bec02af9e29849c97253c0957
582 5 9720 51880e79afb24e8dea0c68640d7eba1a2a288372072242f2a7c6257c75374574
583 3 10673 85890d24929316b4935ea51236f488dc591ba276dbc5b2b93f6d45749a346dc6
584 2 10720 a473d1eb54d2c2877480aa6dc23240619e592d60a73a1324428e2645c91537c5
585 10 10765 e0673a4ccaae3182d03298bee90a44703b4dbe9f2731fde422bf69eca709f8ae
586 2 11708 051c12a213a989a131a38a746245ff9f8ccf86a50c635e69d4b14ce96bcf77b4
587 5 12661 87a8122c05ddaca69fead3071ade426239d6315ba6389213bf2fbf412f94f7e4
588 2 12757 e31b79861f2fe169d2eb21fde45f36960e2c4740060c8270432b17bbbaeec9f4
589 2 12875 ac4112aaaaf51e4103b5dbb307955aeedc3e57b395dd7dd599ad196ab770bf6a
590 4 12675 6ead5dc8647a20ee8011c0ebd0fd317cc9afa6011a72221227a055398555a86a
591 2 12824 c9e0bbed023780476ce7a6adcf408540dc52f8b92dfc0b2a601aa62a65e91ed8
592 3 13299 30aa11eb7c191ed82e193884fb2b4283dcbcce8c772b46300e74a2b6354fccf5
593 2 13348 f308a0efaac58eb1df100a35d0fb900378f646e8a05ff0a9785dbffb12a48ff2
594 3 13218 200539129d522274ecc83a9bf5daaab3abcba1e22e6c285add36360ccca49081
595 3 13701 87f8bb6037d614605566278cb331b37c14ae95944d389850ea169cb6f216ba5f
596 4 14785 123b48a09366c77ac8659766f1ab59a542be352c4cd88b892ded1144d3d6da8a
597 2 15737 34463c00cbfefcc17972d8089ff995ba2dea477a0a29442f0b7f088e661b187d
598 2 15749 ca345efceeb11e2a3018075da869083864ca1a097ffb42b48afa46487bb5a33a
599 10 15741 144733aac68e47aa6865aaf67c713b692b4764b40cba852965fa71e3ee59e6c5
600 2 16683 d71adf51db690a9061baf38d998e976879046d456d8fd3a716623ef80b1bff8f
601 2 16897 dbea987e403275c5ec946f1a1985e775dc1e1a9c45c0a1146fe6cc5f0929d2f9
602 2 16683 15051b5d913d15f33cb6c5081817bd1ca1b106e5a167310d5529fc6a1689426a
603 4 16857 0c48b9777e3408377a3977b75d8841cb6db38e0fee72bb597abe0eb3b0444a96
604 5 17810 a2497f4c990cab8c877b56757a0a9335859902e7ced68c154e13f3db7d6b1b83
605 3 17822 05cabe83e13de1aa9274a3fddf2b9684089d307ae6af1e05a8833a18c35840aa
606 2 17858 74484e94b6b779ecd4f9e3d46474bfe0a3dbdf6548f3647d5f1670802085b84e
607 10 17808 a7ae34cf50a5ecddeab55914867120dc9b0eb3e1e0ce5f78a1246578a1967beb
608 4 18687 a09b4b0cf6373f1cd565e6a35b6374a79b621a48b34e01eef3bacde85c4e96e3
609 3 19031 ed0982a0e39c252486ed776b7c6bf95f301f6ecf710e6f25ccf25b4f6b829bb1
610 4 20147 9a43d6a936be4c7e9d6c48ead2beb57dc3e48c99137a5f4953ce1470b8e97a4b
611 5 20791 adc793a3774d78b1d537c76e2e31b13b4bbdb5e17998869905caa9078e209514
612 3 19827 c9000ac5146fe110b8a2868e471e74a638d3c7e8ce255d25ea53ee477e6febc9
613 2 20114 b98e8fbb29b1827f3901f99e4ae94a68973a46a5fc4bb1952929800712af3d13
614 2 20040 034cc133e8bd695e2be2d18c5a355c924deebecb896071b729baa86bb02bfb8b
615 3 19828 c173ffec40ad41cf115aaf85918ed3c42a3e9dce811c0ffc7fe7cbb8b1501b6e
616 6 20781 cb00697843ab3e4191c48fc99ab7e06ff8572e5d35ade3d85e798b3c5990717b
617 5 20828 8fa040fd58198d1db892b2d6af0c46912a04a1dd74c5ac865a74b96f80d7af63
618 7 20969 bb481f163f98293c4410445463150fcc66fdbeedd63d97dde902fff588319695
619 5 21915 00a8e7c600757e5988bd28c0b1678ab92eb2d8872d9cf065b09f129a65715ae1
620 2 22488 50db19c07fd9f620c4a1c1a59a34c6a222f5d666d5457a15d98200e251912b98
621 3 23010 97cefd363a6330b53d9699fe1423231a91b139cc80ea57c922a7b9ff741b2775
622 3 23012 6f0548dcb6ecde9d306c3e76d0fe475cdd09d80f3642c6d4e394e4673ddcf004
623 3 23965 35bce71ee8d3def25d2c05f5b9713cd73255dcd3e1a7606e5f00252547e619f0
624 2 24012 db5af818db873b882c99644707ffef2cf6e18cb55ca2f3824a5a3f9179198f9d
625 11 23968 5da5eb9529d288a1aca87679f0ea443e030fb29b614b8ae180f3b372cd203c9e
626 5 24447 dc6b246f47215599ec11be8c4865599b512951809981c8b97939f27de96cabd1
627 6 24229 87e0e1b3f9860c63635abbd41cb5ffeb420fb76a92b73b24d5eb5b00953bf5c3
628 5 24711 7047cb8b2fd617d649e728f46b641cff4389e96a23de08511b51c7940500d302
629 4 2501 0a0d0421985ba6f9ad09813273406e7b4f111b3ebf6c5ab20a47586ae0e07afe
630 2 3453 01b0c776a5432ab0642c490992ac1a696a90fd3247ad0f1866108a4b66cbf706
631 2 3463 9e75f371966aebb1432550b9d8de5eb75e6d9cd2a0dcf70d965bf194ea48a657
632 3 3615 f9a056dc974e631b071fec9e8e93c60e49240bf8da47f83a8db62de8e08ccd19
633 3 3615 163cc9e05de8a2dcc66bde4a2b16f2a6564c0b80388bf0630e8244667a98321a
634 8 4284 cfdb3b137db689781743df70c95a730cd3559f744b17173ffb3296511d61acf7
635 4 4560 4b0667ae31f60ece43e017191f62a185be10466874cbdfef649564a396c54618
636 2 4572 b1c8e07b3a456d4cbebc3630e96dad20ebf8a37db171f61b9e221d53121dc3a4
637 3 4609 8ccdc620ff7a9e58cda037eb41dd4e8005acebd39b43f748651f3ffa68c2b1a9
638 2 5562 3660a9966c4b3b23e872c020984faff4337c45c78cbef84a3bf32003c9292f79
639 3 5679 af78b40e17244e4487dbb6dcd2606d9935bb54e4159153a0e3a61e50ee230992
640 2 5515 cdff8b357230bb63f3df4369ca6c1a6ecbeb6cbdbb2dd63d8a8b69b1f9a55fe6
641 3 5731 e755684685f321e610c3ce7a7c6d2d8871627dea5bd16a0d5ccfed0cf5b4b271
642 8 6684 d599c25c2202b3bb2bfee5a605363be3f470260124885a38e5124db0e07447b5
643 3 6692 ebd3b7f467f6842136dba66450b1617a837be07f5260fff87f7f01e3076d7f3f
644 10 6635 f26a431f6094da65b9d5875cea7cae641d718f48117aca4aa3f532560c653d97
645 3 6647 6cf47a187446737188bea1bafa82bdb22138e0f1c33ffed4f25ee351cf060ac0
646 4 6684 1f47e63ddf353aef83b0b37bf6fca7877744347ef6ee9a433d47e54db2cb4573
647 10 6717 b822e106d19259605fe91170a2b278c717a472722e6a4006b82f08de1b0b5a1c
648 2 6639 72b03ffbb3d5c8f6cbbd0583776b5d98ed44061c572ace649aaf1b7d9b38b965
649 10 6769 17397343e26bb95fe02b49e3e15a8475f54def74f561c3c1ce35c1a74daa0709
650 3 8736 5d9442a35884511d1381499454b3d28b4e2e55cb2c97c76611cec865d146ab23
651 3 8737 5148385d064b9a0b8c9cb248c0f903e1d5cf5e945281e5b5c78ed1331f156223
652 8 9690 4d23ff43e7a6614445758f1bc39030799d256293ac9e7c32dcc8ff58656bc772
653 7 9737 dcc6da5a821f301a4629f7e9da7dfb85ca91174dde51d386d511f07319ce79b6
654 11 9825 dcb09d8f137ecc68e3505027bb163887d7b36a9c44d664f047081a7ef85ff620
655 3 13474 f13a1c0dcb5e3f8b8980befd834dcc50af329fa3659824f4787ea053e78d8ad5
656 2 14427 84ef61a8440cc371291531946547c04b2dfa53fcc9052aef1c8446a7cdf6947f
657 2 14763 631e6cb1e9405b179763814f86bb427f93f7c8dec3467789c4a2695923be5ed2
658 2 14763 b6ba2cb99cc477fcfd33f780f86fd17f8060c3fbc1e7a5df4bfd5f592385ff91
659 2 15033 0783dec427e9b60434b4e4821831417dbd28e1250995f566c0eff676c189bab4
660 11 13855 3bf699857fedf4ea2711cb7fd58556bffa78b86f65a2d8ec7a9118976b557a8c
661 9 14797 3152128c132c512d7124b582a6308e9e8ba5f3f6737a2107f7fffa2e27f6626a
662 9 15750 74372b7817a27eb0cade5ce3e5c0e651d22324d38e4b2195137238ae4ecc965d
663 4 16999 000dcbbc7c6c2a38ba90da506344f47135fb73f04a41122350c8d7ee49be47d7
664 8 17720 ef8f05184ff9d370a7a9c6e35e1989562b48a1487416da7a1e2d85a6d6b8ac67
665 2 19977 6951fae262e7a2abdf1fe2bc468efc4b7b77be6eb0389c338093c19bc3280a39
666 2 19977 4dba26279790b9e971b60f390adac22884ea3731ffb91b12fa6c3ee99b652ca5
667 2 20735 e8cb4023cfc170160ecf8cc7451630fd126d86d15dbac393f8ef32a86f22db99
668 2 20573 a113e64cb4a67b315ea70f2fa9c6a62098f7e543f90934dc25a24a6a5429bc3f
669 11 20269 a1554b145027afbbb9c0275348aec147567baab903cc39c3182ed1c6d4acef73
670 4 23992 42854023eb015cab621d2337da4a28044c42577f60dd54bc68d899307e64a98c
671 8 24945 f05c8d5e088c92a7ae3db6d95f65ae6484e07403868bdb6192201f5245e2d85a
672 2 28666 8cb0e88d8ff01b6ac74ec9b3370bec8b373898c448ab3384e372cd8cbcbe2215
673 2 28665 cf08f8071e0425c348970566441ec562d90a4b5b86fa8fb484b6e757d3469753
674 2 28591 f474f2e22f736103247a24582deecc102a5cfc9d07bbb691ac067a5d868d3ea5
675 2 28865 69d14ad41f5d5c873f6ba7d3fff526e97da3f7b1d4aa5f778b5943e891e58071
676 2 28791 757fe100cb5b8d02414a9780cef23130a5d72b946cb2fa272991c95cc6f099de
677 12 27584 a897bc5b9fbcb3fff7f564cc75fc41c55ae42bf20ad2489d276af6e77cddee26
678 2 27947 c79739670066ecedd12ebf2cbad3767acaa05fc5d057cc1b8ecf7be7e00fc980
679 2 27946 c0d524711e5ca925ef2c36aef3b8df4d071c921ef1963dd5d2b34a573dec3793
680 2 27947 51f4eb64003b9bc15a955f7e6daea330a81d90f0af0f086d342d01e7caad9c70
681 8 27743 5381b409f4695af6528fd0200a37af87344776d235c4a98a883be7f0607e8272
682 2 28542 b72c1d336beb6a89ac5f19dc5479266b2854be67142729fedbc75866314b0523
683 2 28468 5a54c869e54bf504cfb195d5c268092eade158e544a1a5b22c7833dbb0e90208
684 2 28306 3cead20269db80497f6013a6928970a6d42f823bdb274016f348bcc891f8b9ca
685 2 28232 0f56ffbcfe0a099e22fd889e13c55ba936bfc71a1b4b5870096f8951e47b083e
686 7 27950 6587990aa90ed4f999b5b2431c1be0dcd69967ce6f3c83dba5e2f728ed59098e
687 11 26589 ee179a26cb8f8b1cd3c2c89531210da919c6f96dac6e4fc48af362699e1e7d15
688 4 27166 8d2db0241611b5dc3c7eee4e27c273310670d775bc9587a494f4af6af70e827a
689 8 26576 b47c1724779ff72001ca6ad50925cd6841b1d9705ae94163f0b825978128c9d2
690 4 27153 451293af3ab0c3c7b9cff21ec006c14e2c79176688a23df4b11193a6d5961b0d
691 4 26562 2513a238f93781de3231e7213776dd3e015639423b8c84ba67343fdb7acbbeb0
692 4 27515 9668d4f932c8bd390372ec554077f6f24fd552330cfd949a155bbfa9d3aac820
693 3 27562 18089c3bba2b07fb2f5632f49867c3ffb971a7065cbe0dceb90c045906045792
694 12 27428 4c6d07c43530ff11a56dc14cec0403e31974d052e411723ba2ea05bd31a7fcc4
695 11 27478 2524172571548ad07f7d036c89ae3b19009ede77bcba6a0e0a9fde34ed8d2aa7
696 10 27527 6a37b11ace3a0e9a61273341049cd5bc74ac4736b054b89217ee922bd3e1f6fa
697 9 31326 bcbbdb4dc64b306cc7a104721547178612238f2eb45b7a7fa96babdfb5222a8e
698 2 35276 ca2980cb571eda26d6ef237875dbb2cb10ec9ca5ac8af35c78af7f3a30168f64
699 5 36226 9525304b2072731eb1649e38108ca37206c9bd01b8e768092041965c7e3f5878
700 2 37757 03347ecb75475430ad79eff696f685a1955effc8d2a2576a9a73b5e8336bcee2
701 2 37756 b348dc593b4f8f704eaee9ea079381c78b9d363d3344ef2ae909db81b9271af5
702 2 37756 7039993c91c2697b6084eb3d4f0015bae631a444faa27075780eea2029860ae6
703 2 37681 bf6270e6363f2133468aafff824ce1bb0686c62378c56d10773d1dd73a4d3133
704 2 37681 31b3bdbb9ad8736a9dfe5239f999e99539a20a25b5dda0185916bada9b8dd518
705 2 37682 e6d58e366d385f286782804c57ee0c5fca65a387c6b07d62b3b78c261138e2a2
706 2 38740 6096281ddfed6c886e44e4ab86f9da8f82247a8c1e7721200537497204e98ab4
707 2 38578 87c2503b7169c85d5c51d86288a2380fb8f534238d1a8e349e7a808fe62f9e17
708 2 38416 35e8a823c76efab1e23c42ed0dd9cc986aa42b1ccf0dba7366ee6912ed28941f
709 2 38255 a635f7af86df099d6f334d44326de0349e9e97c5d850ca3ef97e742bd68c92b3
710 10 35189 791e7781b2efff6a4f6dde56d5b24d49e210e88a46d34f520c23b21320b02820
711 4 35766 87d24e38d1568943813ebead64b591a9577b6c8c50b8665e2f5b11c6d228c606
712 8 35177 ae998e0b129db9e5293253c6d0b3c2f98f8e990893c911ad054d9312036e1009
713 11 35656 62f2467e20f0811aba694e2fc3839772f840405841d3ce601cd2a6171808a380
714 6 36107 bf7ec4d4c47974cf9df8bc196eb4454dca4074ccda096178d422fd9f88106998
715 2 37365 968187949d800217d6e5529d4ece6228f516152f9876841268670383b9026ecb
716 5 38229 ba4f2f830a4d7c7d4c98286b5de1890bd3f56626df1be38c6aaf7c099bc2e80a
717 4 39259 e40bb13f79b48b0e67f639ae4224834a397b68a3a775404ffc89f6ef7e9a7705
718 2 39116 99c890bd8307d2c866052183b57f3e79a8567735d81d08ab0c7b21ba50858070
719 2 39330 b379a6bf359db51b10c6c878f0870f3fed382175b097acf9571b3790f4c931bc
720 2 39201 e6a4501adfce9de0c1343ac8aa2aec12986e63259697ffd141b3f504623d816d
721 2 39748 573c9b6691fad1adafbe863af146edf3e301ca1b4b842b877a32decf60ad6ebf
722 2 39673 2eba2980f3542ed30396579c95f441e39b03e8d7f946b3bff0e5fe9bd40852d4
723 2 39599 0ca6928751a1449872d0b46d40243858c4e34a7762200932a042c5bf7b7eb6b1
724 8 39116 179026077ad50429ac149f558641fbc927baf9324cc9586baa9df19b0e51ca24
725 2 39704 e539e3ca64f25d3debdeb64d05242e556afd13340482416dbb9bc802cb8105a6
726 2 39629 cd9db8a0aad15f0b0b32cc307a701378a0e32fd0514cf3c2d52f83ba7bf21ae6
727 2 39554 542ce3f0024782b9953566a1e148814da477d1e6f51fc88998165b822e7df35d
728 2 39553 ddccbace2aa6732751dc719ae9e4b3d5dac657b3465e3649c2c024122bb4a6dc
729 2 39553 967a9a382c271c244957fb2a6ffa2c8220f96f90a7175f5ed59182f88c6796dc
730 2 39479 7eb5040d6cd57b5b18e044e6b04101d7557096d054e2099581a0545d5a45ccd7
731 6 39349 822a1bb67d108e9539c1f1c1f7e3dd5265dba6aae25dc69e9b9c56b729c12e69
732 5 39396 5b2ad72351328b17cccd76b9b47c35cd344425df2a42bd57112aa66ffca77009
733 6 39211 cc00cd8a2a95f67770c7679d2d838dc60546bf7f4d27d70f69511ccddba4abb5
734 5 39260 46e5f2f1d3bdb825b2bc4ef1d844da387ddce672579bb8e36d25897e845de5e5
735 5 40213 b6a77c43bcc0de438ba18e23996a33e749fa05d2b2ec4b4f4c38de53c1db8106
736 4 40262 e2b90ac1f0a25ed41ab6b6393628d00f430137d7fe4feff588bc0e7e3e20069b
737 3 41516 25d0c82d656db91682ad802c50a17748dc9bb4ad95b75a585a7fc4387e69d140
738 2 41565 f3fc1009ee540f67cc873dd6d9b9a3754a69b6ab1dcbd1248f071fccdfbc2de1
739 2 41257 1bfa4acab38b95c44a5667d69d9ae2cc920d180764fd53db3794716e6c659b13
740 11 41278 e72117dad627c9446dabb259bf21d38c986678f59d620099dcf02043870dac80
741 10 42231 55a21a8c59c5d40949119b4fa5e5af340d23b1926c88b842dec375fec188cccb
742 5 43769 518d8846090fc94978505e9b2cf3cce9cabbfe3faab0098a2c6cfc31b3a20261
743 4 43818 62cfc586ce36368a808660b6f6a3da3728c55e0c04f747f18f899fa9fb8b08a9
744 9 44300 7885c8b6629261abc79876578d1ea2ba1b7ddb006c0df5bfef1fce0e8050485f
745 3 43727 5d8051e9f4f8ce9a22769a3e6b0e3a798168cb3969b781fbbd6fbfb85e999c5e
746 4 44365 d7fd627f49d256e75957b0df472626a9597b34e29c0f17113327729ee603dc9f
747 3 44378 4a83f1b336d26badeac1f63f4b7508b4eb048bddc2ef3d640dc5de16526c880b
748 2 44414 c5e34e4935c7ca7eb3e452e469a002cb8520433c65c9a2868222268b00f7c383
749 8 44190 1d8c44ebe131edb62a5731ecd92f1ee76266f9dd75c6df97b4d68420e3748bf1
750 7 44239 a81df7b1c6031dfa86b7b9ab9e7dc49225aa2d049494ce9fc850045f069cd2ac
751 6 44288 388916cab9ec57024a3cfe31bbe313ed08892008210dc9ea74678325b6aa0ae1
752 2 44287 817fb7b620dbfe71734d1e179cb327d6e986b8b166163a6b381070ae4b9a3cd3
753 2 44874 04c7d826d4d31a0f6342f0091ebfa3fbb5fa88991cbe65e7c68a9f16e070e409
754 2 44873 05f0d54ad150c95bec83baa1a4b9a33cd070419d5d188355e3a32da7e6462bc4
755 2 44873 638e92cc5d1a671e857e5bd92d1867cbf163e73ff38018a31e9d3cba7c803113
756 2 44873 33827b53ee6923f953bbafecef5f6c43e5273582c6c11b6b2ee17de89d1d6c12
757 2 44873 54b41e9494036f656990cf2d2cf56e4f59e35be74b32fcb885f59087c1da5454
758 2 44799 14ea100b1caa28d171e836c4edad91fd167ea9728a42293f5091fc091cb81291
759 5 44668 688c71285dd8468db8e67236888f65a37787b33a227af8a9a2f281a2a201f47f
760 2 44756 f5ee1cc99581ec071d604d8d043aa5abed389ed001ea2f7a6a2592c06448ae9b
761 2 45831 3eb8ac89da47ee2cdbcc649d82ecb13a7d730bd8134b503db6d87a5a473af26c
762 2 45671 2d42311bb0a196d31a714e224a0cf76b0f25e76aa04b8c7cc2c6538ffab41d42
763 4 44876 7bb0400bcf1302f1090f16a614912d07b52ce0ecd6fa1bfdcce1836987c2f5e0
764 2 44910 64b2510f70ab2995a778a65f2cefcc6f51132f36e586488cee9ef428d4fa246b
765 5 43306 bf1c97b95b26509f266300d84372776faf4a8c9894cd3b33b897c70c00ee5fe4
766 4 43354 0c2756e0d6a9ea44515981c6554714c8e9fae717de8b414179bc5f2d9368e993
767 3 43403 028283127582ddc3f4d02a4286da10a8cf2b099d4564df05154f9b2c87e0f4ef
768 2 43394 49b9b1d7c6bb174523a641c3a5fe03dd936a7fb651a3e5b12fd5a2e68ecf2738
769 10 43221 4ac32a314b3561bd69fe2d11e27aac6a304dcccba81bd9ddf8f3c63e137cb992
770 10 44171 ca329816873ebeddb0fd3c58f65e552a938a6d7948d4ed216476824804dc1045
771 2 44502 738025111934304f7ee79beae1064e737a085a871bba40ca28c2d7f308f0f0d7
772 8 47541 e8dcf9d8d50f5370fe2364fee465e9fcbfb66ea9266071ccf3f52622b4bd0ac9
773 2 48400 da179e84cddf027ad2fe3945593af4d61b5af2e666186696084eb90d67a5dfd9
774 3 49073 d056202b13bf25bc6ed30725e82acacaf60e9d4a44d88a1c7db5db3b45688375
775 2 49265 b762a0465ab903439077b8728e3d25d6580acc66577450e12408bf78751dabc2
776 5 49711 dd912ac8b5da207d19e9affabc936739b014875ac227ea5dcf38a3d219c734f3
777 2 49891 9e0343fbcf71101517d0712117930e168a36049f940deb63c37ddbace42bad41
778 2 49925 4fc8d58a6e0082d0d83b8ff54e113c41268edbf4f7445304d005ca5d0ab61cbf
779 3 49799 84330a36464e2292cb8a80cd554f381809f861e1f5e42382c0d68f94ccbe155b
780 2 50039 d616ffa67952482f6edd23d458602d31ab601df78d5e83fbd769afca390f15c8
781 2 49899 3da511f5890cdbc28de527bc8ed0eb3f2f37be265f249c5a63ef601929a5deb6
782 2 50518 d923a53edc0019c31f551cc390573b83a09ef93efb2199afde40a545272ffb15
783 2 49894 4aaeebbbe263388c848ea8480878c5926650b194d849b528c99d06495fe7d4c4
784 2 49810 190ece020b66f870182d080be813ad4b50b69384230561872c501ecad4b3dfe4
785 9 49810 e6b084586e1d191b409d3a4bda45ba83a56aec4d1901cd3062b1afab330af77c
786 9 50763 6adfa5a5ed2d49cb064dd93041457b13019a52816fa3bc78ed82a34d8134667a
787 8 50813 9f0f046a21c555953c0190893aeaff7f72398c38c98ed07184e608103ddb2bcb
788 6 52066 b605bdb507867cdeb9cc83a3ce7cf34e751782d67e37b5f0cbc973d2a564ce3a
789 5 52115 6407bcc94f956b8baeb54b173ea958d2acad352ea3d7f0689e4b45b3163cfbbf
790 4 52164 c24d0da9674e67e99732c4f8badce86135e8b7c30c96d0651040048f03595902
791 3 52213 74e640db0b73bc675d384e12548970d2721992bf5e44dc5d8a0a554a8d4c543b
792 2 52262 304d5599601d23a0dd81903155e363a535e6b1cab2aa6ceda502966c3727e46a
793 2 51954 8574c0d1696cfb5278111e48fee467007154994eb424c5fbe8c2eda08ff62fb8
794 2 52466 a7f507b619da53b5a136d9bffe92680071368f4af3ab2bd7e0ea75d0484959a8
795 2 52465 1d1115d674a4a08d7534ca520fe211537dcbf31d0540ee0f44eebbb75dd64140
796 2 52390 c644d035fd81a030b92e6637cff0d40f9877a5dd66d62d77bbb4c712767f1795
797 2 52315 05f54646ac79b23d1af6281663d5c3a00b0265ff232ab9c7dcc9da3b28980c09
798 2 52241 1de1111a7ed2de06c583d6bb370329d7b283f831745021b78fa2e103e8c6aceb
799 2 52114 26863a7ff997be79f910c10b86e7a28edff580fb3cd6b83a180f452f823827f3
800 2 52803 70be14d8915595855129b98bda9e50c54b7d163c7ce83c455e4a72ee8b95a6ca
801 2 52729 e9a0bdc2881aebe2f9b982a2461c9b56c74a5c4921b5d534d5374d03694e5f17
802 2 52653 96f98cd1c4cbefe6a752dc9ca44ab4fb17f52cfbe28ef08772bb70d6d9eba795
803 2 52434 bed9d4efd1d83e24924a41ae6b4284bd7432ea3bc8d164ed8ca6f6403f84e649
804 2 49889 b1d19bd19fb7feb2fcee81d820ae382aa35265d6f3693b15744c4ddf68abf270
805 11 49650 01862d5573ed717b14034d14d3441adc45bf6f9be25e5dee9cb22a73f2a83594
806 2 48719 4b92c6a7b8cef9c50f4abec8004f5406b9d47470fe23d8ad233e532352c19e32
807 8 52165 12c4c58dff6941ed889e1aa0b5642803f05496ceee1646eecd57f59398f4f946
808 2 52183 ecf61b41452678b5bfaec9982b966357f6a7c698b6556bfe5677495b6f824b2d
809 8 52215 448fc91e6d2eadfb07ac8d6d2d9b9fee1b8967a4624bc489b1f5ea7c4bcdb2a7
810 8 52034 d0a9fc683d84df9a1ef027847085b8c80fcfb0f9b1ddeaac4c094f4c0e020e0f
811 7 52079 08e2347bd7caa99254ab01daf0c654f0aa7634d23577e3382f3061a8acdd6652
812 6 52128 f72bf0970621b9eba967fe2de4a2e31544fd622a486ffe3b22a21f2de17f5b84
813 5 52177 32362eddeca60a8b436ff7eb9d40cab788507ff9b88ecd2252077dd7fcafefad
814 4 53431 764a2c41cf24a13d4e229155b3f32c6079824c8e9756af87ca0e85e9611c594e
815 4 53123 2f21b336d37ca18c59674dc19c014d55fa43ba7806fbab6389a774a1b443ab27
816 3 53172 d74bff035502237c19db05f4b709d1187e9363e3c68ffb031d0cfbfb93a22a2e
817 2 53221 7f287580c437a2f1f0e23e223d9fb70d379b988b0e44e9ee2699f5146f2c38da
818 2 53583 6359b60c76e748734431cb59aafb9f8fff890cd8633e280c99f009ec429ec075
819 2 53582 157d534c3844049fdc35bc99f20a30e113fa4da7258ba91da606e4c83767a96f
820 2 53508 021a67cf5ac1c5668b676a2ee4f224c32824234af1ce4a5be31b07eeab4b4680
821 2 53308 bb25a0a9e90afc24462c890fb06d438b658870a5913f6f10ad9ea86528da9103
822 2 54064 eb6f586e2fe4050e4e3b688fc9763cb0dcebac6cf38a946e74bbd84daa847900
823 2 54063 0472306d64ff116a024517843b5d4ffad07cd8bc663816ac6ca31e40a07cccf3
824 2 54063 11e84ccb38b22c123ae366de34f307d80bea222897367c90efd6dcc1c099f836
825 2 54064 7ef487d6d62b6cbbc75b8d04043a475c40318ed458f295a65361850ebe4198e5
826 2 53715 743a1933cb835e61c3b6c01b3765a77713286c8db6eca6b3cb9d235bd7619e97
827 2 50132 724716a55dcdfec48c1fc435f87be90b524b055170b9e9bcea9126a8b8a66194
828 9 49352 6eda88afbef90ce82ad6d32c964124cb5c97b27202231cce301eecdb5b4318dc
829 8 49400 88d2c5c9d2bde42831acd1fd372c4890edb37dc65cb4c77aad8e3b28a704a8fe
830 7 49449 4c94e9ce8ee47bcac97a76b179ccfafb3cc3697a8ff49d260f1f7d02a96afead
831 6 49498 7128d1d71a1cda6d5f16114f78c248138f8f55220d9f44f2f66bd0d8896e299e
832 2 49348 f6ca0e0aa98bc1d111bfbd65369d912291cc57be06977362c8b9fa6b659a30ea
833 2 49784 70b03f60d6f2915b4dc249505d8317d50c65bc794a15dc0af90ab0c2126239ba
834 2 49710 8a7704beb97cc58dc993013df3473b503df1f0d4f694c70e12eb15ecc92cfcc1
835 5 49583 6e4a4142971a69c67e32a286188921e61f814aa9d0438d43592d4a4e35296ddf
836 2 49436 844501cf64c4fc25fd5e23563f506cbfbef3d3e6a9c02afaef3aa767d491837c
837 2 50017 f12fd218ef10ccb73de77c660a46b58e6e3a79b5f1f612cf8423c6df88896d73
838 2 49942 d1ee6d8e6ddd33c6915b4e1adae4f4b4f2b3f434ddcdff39a60eb4b8d62d1ca8
839 2 49868 95e51283af24688d584a22df72c9ddf8826b7bec976ce961eff10ab134c97de1
840 5 49581 3b246f617e0ecda62024e91f60b29a2fc69836cd65c44257e38132b98edaa715
841 2 49434 458505ae4846f5cf11c7159fc71ab826a5857f14cf72c6d2a19965bd00b09aad
842 6 49498 06bed4074e4733d83ebd04d15c093a425709d5b402931a4f0eb383e65ba50421
843 5 49546 30a9fd75bbfbbfe39a745e3e2b6a2f6eb36e3e605086cc46486c2440eeeccc1c
844 5 50500 9b9e58f42547f5282f597ec3f4c8eca256e028441ca96b027ad515b699102251
845 4 50549 44845d17eb00965e201803f20c704c53b07a44e867fa68013a3261536e429597
846 2 50484 0c9b905fa75745feae2399393900fb24d65952dd7c00174a37c27e0ba59b642e
847 10 50314 1fa7826c86c141302f0e7689ca4ee22323aeecdeb40d5cb556e43838284c9437
848 4 50617 58645a1224190280ca061809fa7e3b950b4a3c2ea7f5b0730bbafe180c7892ff
849 8 51258 504dfecdc96680129c79ad6df9991b83afca35be33b95d1c771034b3745def4c
850 4 51341 6b938af20c78d11a129d99e61fad0d5ea13601584c5e5cd516eb35eeb54b1eb7
851 3 51391 881e55ac5a99e66975ac90059fac840f2011b907a7981d92ac2d15a38224b0ea
852 8 51310 0c31972a91d9b55d63a64bcbfc69e52e474667013298c638741adbf5f18ea632
853 2 51742 110827d1efd87d76fea16bca985d67e47e5393543ca8920a626e1f6f166301ee
854 2 51667 3015ebb14435acaee63c345e6f5c6a9be31a747c9ce469dbfa34387e4fab72f7
855 2 51666 3e6dfc40d8dfcb341b1cf99c7c34d8feff3431d0c88538856daa5956692a4fef
856 2 51667 22d61740f0abf8a2a382be994c6b3f663b24803ec18bbe0e7e704fa06cbaf895
857 8 51466 cf6e6b3e327b7a511c0e2238407adbc02c8bdbd5111e292a11ac1635e6371afc
858 3 51618 4c97755b1715e8503551bf50e3f21808ffa72b7a5d7d413d7b968b4ad8244b32
859 7 51567 f995cc4ea4d9c1ab095404f268a5f71ad40516ea9f2d65879e2314bfac7661ac
860 2 51716 caf556644fe832b5b3fdb92facd53b76fdbf0124ee6fa28fdd3032b3689ecb6b
861 2 52305 b4a5cf855c53088b91f124140847762c906e4e5be727c5deddf5639041d213ff
862 2 52146 f5ee0b53574bfb9bbcf7a3f10e85ab54cf0cbf41135a8ce0aa05673cf30d4709
863 6 51772 c4daa32d39f06b9cf645138390431417cdae670692cf3c2b011783ad642881d5
864 2 51870 3b3aead62dd1f6abfe5fe3ff2e6a2bf61697ea87991defc0f18836fec12b32e1
865 6 49394 79e127bfbd1845a721a2d444357130f9d7b0cdb7a2c4e63eb587a06d7ca0369f
866 5 49442 f4703b18983fa783ddf1de68e238c7e1faa90066289abebd18f54e69327fad06
867 4 49491 8975cad87660c3a73303cbee2191b821e9b3df6736cbee0e667ee0297ee577bf
868 3 49540 111b531f509529bec651e0d3a930f9abd8fabb9a8e517d80af299a9cd556193c
869 2 49627 6dca60e6684f50172308ea30d5ff2f328bf945be0cda5b60a84e39dde1c87d30
870 10 49361 893c389c2a90a00e412d36593870c5a33275a8fc3f6d9e8b5b840a0d1bf9ad48
871 9 49411 caa5293114d9a1095875ae0edab012778242cd79a2a8d8d9116dbfca0c9d7349
872 3 49261 cd5c5ac77c245fde01b5783829c4a7e53c7ece22608debc7d589b79ecaf101fe
873 2 49623 4176afd57f2e4a5b45c7e6324ef23a05ed7247c8f72e0da7b7ffb37109f96c67
874 8 49424 b7c2e52a27bddf31f27d90acc5813e02d751938e50ffd9815d5b6123b621c0f8
875 3 49323 ebbb936f58402887516e73d3abb65a67bd374a478270fe788f437860ebbf18f6
876 8 49461 bd5afa6b12a95d31dee2a88467ac31f4d3c6d27197f95c407705ce581b3dc906
877 7 49510 d6d7d0645d0dadbbb700b62d8e006c3accd883a9dcb6b631fdf66f5e0b870ed3
878 6 49559 c866479d7792c6c02ed3dbc4a55ab0ddd2e389d3cfb13fd73ee54e4a18916a2f
879 5 49608 352ef86242d2826fa0e2018b0d52dc86e284a385111e61672809bab9d310d7b0
880 3 49458 ad23fb5cf7b02db32913c85302aeab4223fd8863c5ced710c7ca5336ee5879ef
881 10 49285 c4841f23827aa091cfad7944b1be75ed81593e2c328c230f9d77aa65e0f6a297
882 9 49335 1657db7c8d983483fccf773407e857775d7da34627bde0d4f55d44e58da6f454
883 8 49384 f153112280bffe941d413651125bb45f73fd7f27ea6dce54361106693ac020ad
884 7 49433 89644b66ed469583b5e35d6ad333f01d51b51e0a2c5ba35da3d99273df3b083c
885 6 49482 ad5ae4f8e374d7460110b332d0bd92f56868311fc946c2e2acc90e05399ece2c
886 4 49569 d6ab24bf5d22f72c970d83f623d75153f15e5397654fb18b4a43493bbb15f6d2
887 3 49615 8cae6b15e93d7065d4bf9c6be0581006ee39a86dc2c61fe159c592cb16cf5b9c
888 6 49534 ed355efe68547878668fe4d95912a213e87e8470804306e25c4507b4d389baa2
889 2 49891 599561e45c05d6379991c925be4bf70b372be6bef34e3015678b7e7a088d0d73
890 2 49890 74772df5c2ea527acc749c803ef2462321f8be010f1de430d114669b5172e766
891 2 49817 d1965bf62c92c2bca6b6a14586f4802ad6eb297fe0945ad0d35183edf0f2b58b
892 5 49689 446f60d87f956eb2f55621573faa71613c460dd07dd4e9322190d22f4a4ad891
893 3 49841 fd3e31d163c8d33ea2514cfb6694a9436ee6d3c4808d5aa95e46f106e83c242a
894 2 50428 0418a40518b542cb8ae4caaa8639483dce7f775e60607b77a5be7694daf3ba83
895 4 49895 36f70e4d61605055fd390d96a0c86a3686042882f2f7473499bf65af12cba363
896 3 50047 2a12449459a59265b829b36f7496b1788bca408e5fa9ee6c41c49dea208fd5bc
897 4 49604 2da0d43f5c05d0b58f074def49474ae2354ece0926199f9b2007121824dbd6d8
898 3 49653 feb0a5d6b79d997a340aa9001217b7b7e833585bf181827684392377d81d41e7
899 3 49740 d0ab5c4039b37c96a1e31ebbc0247c4417d3d8d3c071ca44c79a84880fdb9575
900 11 49416 0087d81047519cfd28fce70f3f948e4973737ca843b475c4574668125f24144c
901 10 49466 0a4f2dceccd7458e1a1d7a9cf8ad1e3113f9636225a6300997ee5316d11709e3
902 9 49515 fb0fce49834f293669b21f09f389aa70234eb2c5deb929bbf4a5e3d851be15f6
903 8 49564 4eefc146f35ce60eeda646d39b767ac5eabb8848b9329cad725ea2a117360fe9
904 7 49613 32ccc17acfe92bf10ce05e734e70b191980770a4a2e425d6ed9b24f01c9fa0c6
905 6 49662 0b3f7201529ff8e7762ded79b4c93a0a036584c9de755c47e4521743c0b7754c
906 5 49711 426096f4311d452fe00f6d63c95a11c7b03c7e757149ad25ca57e6b6a1c7a3d2
907 2 49560 cf4a3bd72fd09b8a4c5dcfb8981383bd21f57c57fccbcbb39e15f71892c1403a
908 3 49723 213f83c5bca8c4d6c2c006d07c15e34e407c42ee660209d3673dd87ce0170cd9
909 2 49567 85f4f55b56a06add6204f5c54cc15c5c55fee765fef3b9fa4b88bcf498a8119f
910 5 49711 fa33d74caea2f04304b94b2ddafaa5aac72c83242a9f7c0f88e96a4db54fa4e6
911 4 50664 20abeb41e0ccaf7ad5c42fbd512e476d256baa887ec8c9fe8614e9b1fba0501e
912 3 50712 957fd62a04a5182af30c29fc713d0b3c22b96e3316fdc22e0f6207bf95db9cb4
913 2 50761 83b7f9c493138cb12107ce6f0a94d032bc551a431a11a36937d1a5c5702b1e2c
914 2 50696 c438b9faf269f5b264047251024d9beeeac3f576d94f48e56fa55a49527f046d
915 11 50374 f050da8ddf1cae12e57dac02f598d934e10394dc3534a4cc479e5ea6fabb0363
916 10 50424 0b0e9810bb86711b56c959dd5da7d2d41e33f37908410792f8f5930d3212c219
917 9 50473 aca56db54485bf43277be65876e8a699644e447b84068a64d49c7dd6e03c9c6b
918 8 50522 fde047fd5853996494ab539f1087fd9142d8a605de17fb2ae644d6515ab5534b
919 7 50571 ac48d8c4611d7fd7f05763c7573acb4915d691f6c454f8b83e22a52dce512572
920 2 50572 b8c7adaf9426fdf197723a2a9caa241ef783eef741a11e983337cf42c93cc3f1
921 7 50623 fbb70c27831464c15f60601d23cae51d6562720afe74c36c4628593c7a0ceec0
922 2 50906 6e86c459d81da1269a9b29787ea4a5ba2032db6be2c606be2a605393ab9695bb
923 2 50906 84ec204282e5e7127868838e1e718963b40acd4814f2cbebdb92df28464ffaa5
924 6 50706 0c9fad77aa02b7054c2a613c9270b4b972bd9e53ec44c4e60101bd948416f718
925 4 51185 27f8478f8d9e8b23610078733b018a909879d681451b090121427a03f32bf309
926 4 51648 87083d8c7911b596a01d1f5926dedbafd95f2806fde0cc99d1ff4fe78ac9ba1c
927 4 51646 861aee330113fef01a374a4e363c3cc8ff9d1de1acb1c9ccc87e69163e35e0ae
928 5 51562 7a573d277f9adced7976b6330b5bdbcde511d33fb768ee595d720a957799b5dc
929 4 51609 451f2515774c3875b4823e3d731bdb2b84657929d89ef43faaf99bf089ac0dfa
930 4 52563 0f67a08a562759134979b7f4991e2947836ac37384e6481b345d55d3a778e811
931 3 52612 372ea2b84a99110aed58b6b94372905eb782c50d3af369bc12589b364696cd86
932 12 52520 13f476029054b76ec49ac72edddd1188da5622ed2baec981330e844bcb9f5eeb
933 11 52570 f189fe15322206de06eab520cc01738bacec72fa9716bc484cb9b4ee4f35c697
934 10 52619 8b2d8a4e2e34a9d22425ecb1109f633c75f22f04f5de2348f595394eec5e3d53
935 9 52668 9a90ab168960c03c114c1a4539fa6e14080cbb62fe8afb5c73d9b00eda333e76
936 8 52717 ad18892371d90eb80595173fe067c107c6931b2b25811b0b8c2db112aa22e462
937 7 52766 470aeed0102cc2ed9cff1daca8c4751e3810301dea37399884c73d7490432375
938 6 52815 6dbf201e266fd298c852d15e2ad1191771f2d0c333f2f762efcafcbf94871ead
939 3 52579 bb96ba810e0ca5114ec2800161f98e64b3e32faa6c1c6c435f05beb8fa589f16
940 5 52828 1f9c705796eb3f6f493157493f7c37450bf96b274fb54fc59c18a71af92e271c
941 4 53307 1e029696ff0fb9d59aa8fa481606f23a5d38e23aae5f7cc38fef11e27fd5109b
942 3 52938 8ed21b711ed2453ceed909f47b0b4f8ae5b151c27085cb76da252b1b1cfb86f6
943 3 53771 56c27ba21f6eb678d3edfae96a2683ad9f35f2bfa21f2af2bdfaab052e86b535
944 3 53616 026b7a003e905ae8e489f124eef27a8602bc148e4d895f87000b0521e51e5bd2
945 4 53759 1cd15b2613f83cce3f7e2a796a05aaea1debf97014383a836f32af6a3eeceddb
946 3 53605 792c68e01d4e0d3fe39c93a49ce13dfcc90b74b8b1837fdec164856fee6c2176
947 11 53388 65512bd844dad658b9522107b8df95bf697a4f27d3ee038fcf59130b6f139442
948 10 53435 f6f11f670889788a323f95a6e9f1388c59312e8fcff28c594cf7ac2b5fc2cf62
949 9 53484 dc9b0aa3f50155a194fa596803a8684e1bf9085a22b400d8b7d29f6536860edd
950 8 53533 5268f29eff61e2c9192fad4612132ef749cf48a4362fb5c218b41df46d8266ae
951 7 53582 5847a3e4b90d918b1185af60c00aeb806fabfa3ad0a8d343a72cb54f7442deb3
952 6 53631 6db50afd9645834f887fb8e6c7ad9e1998d15480951272f4de61ff15f8431c96
953 5 53680 4761f9ee46832d284b8b798c72c014e055c4923b05b73685dcb1108a8da0496d
954 5 54634 f80b5ec919f1425f732d99ce0e13aefba70c13d1189ce600dd2fd2c4ec6c6efd
955 4 54683 3737689433884efc0e5db399f4f5de64268061c6a6ff1da84ca34199ba386a9a
956 3 54855 c138b137f3a71264f72e556465cf0f8c0b5ff804e48f47812b2d3bba7e0913f7
957 2 54969 9b9e350d752c850389b87f9c12e865b5b008e13497372591adeef217d540d649
958 2 54895 180af351f97d9575667379d1e28ae89316aef108466944da0e49ec6185b62aa9
959 4 54696 1431fbb51f4fb40c7b21b6cf112a6105e4947c8033eb19b23497b2e14e5492f7
960 3 54917 3b87480c7165069cf62b6cc43ca02a762788c732eb162bf5c332a114ea68f280
961 3 54797 a5031dba30892718770c056824cb1aecfcba212c9b12eb4655b268a94ac56a3e
962 3 54782 627facd2361da3d2ee0538d96a2796c2090922b18ab83417f4135bd45d3476b3
963 2 54950 5e751a469afd36a029ad507ecd35fdc8f50681d15936b240538d7d13b4c5ce26
964 12 54586 9f36becc1f2b90b7fce500bf44fac0a75db98e7855ae045cf4212ebc28568695
965 11 54635 70c52469a434cd8a8667ab302229e8f4d24e24810867f1b5a3a0e36feed66876
966 10 54684 bb762a4ebe3e6f3935a11e05d6161d6b6d790fe3c6bd538b82c059619af73b27
967 9 54733 39cc1cd4541ba49ca52369ef37860855d673b9660154942cd70aa0f0b6df0226
968 8 54782 1be6d02f77d289bb7201ce320464277af498502a30b24355232af18ac6b42c33
969 7 54831 7684058427908c06db9b2ea5e6dc051935c0ceb038b672d80c0484aa58ee3ef4
970 3 54595 08dcfb13fb095a12edf541079190215e4965b20ac4a7f633699636e1859e911b
971 2 54641 e12203c53dcb9cd67f5b83a85616442d8ebfbc5deae022f6197c6a55df91fda3
972 7 54883 5c7f10fce96b8fbc4fac6a0ddba591e0e335ebb471af8f6f094d91837ef42afe
973 4 55362 f2ea4688a3fe3c9b6fcd5f9c7549b3246a84c94338cd9b3e51e0c4862176ebd6
974 2 55054 5efb71ebcbc8242ec790521c078a6c92f4f11233014d81156abe146cc8a3bd4e
975 6 54789 f0210f811faf927d2c96ccb3086e6ff4bcd8c2d91a2a12861d1d58d6abe0653c
976 5 54838 0362591ea775529393e305ecc4c331758ae47b6ed83f14c6b4cc74c403e2daff
977 2 54696 0029824198c107c4dc4512ed658275d5f4211020d7ddb86f80ffad990af6100c
978 4 54850 e78d0ec87633311024de9d3733fe0614193d04ea66dea73713e6dec59bb46aec
979 2 54757 18e20b68919eafc461ef8a36691d512f83627378371b60353048a48e92b16200
980 4 54887 3dc3bf6d118bee0c5c27debd5ebc7c4b45e1cc26d10218bf51edd1afbe011db8
981 3 54936 044ac40b453e022c80a28459d2f1dfb06ec8221bcbd420f672e9abd42933b19c
982 2 54794 e7c815f6c58315b298bec46ad08a1d1ef00903c93322372f0b8706669b5a1e41
983 12 54423 c83980e829ad2a639aa02c076482e6c240995c0c61dd8bd2ba8dc9092db1cfa8
984 11 54473 e81da82e8916d22a73c22e03c4011ea98d32afd9c084e1ae292e6806c1f9a319
985 10 54522 ce9042e60c96593e1f6a9378f9e834674b403f3b87702683147b89e3e52a09d0
986 9 54571 30055ae0c2a78b7b78f54fc36d149a386d9933cba4ea9f0decdad7337b7d5f4c
987 8 54620 9920abf77a4ceaed5445b832fefacf634cbe58528b3feb658714769590498da7
988 7 54669 c4734d6ff7a65e89ad2033273bfa9509d17a5aeeb1b22befb61dda8c11df52a7
989 6 54718 a06450217fa2e73e713b822caddb1caa29908a00c29eb57fb535ef23f532b1d3
990 2 55197 2c1b02c7787606605c617c2d1e09f730b6ae1345c0dc1f648a6f1e8b8f6644c7
991 2 55103 a8e82f966beedcdb6e6c385ff4524ddad8bd8ac055d5ea2798153027b046db0e
992 5 55663 743d9ca3311fbf24a5e8cd0ba44dc44f97816f645259c1277a33a61eb0f8acf1
993 2 55823 b7374f71275fe96714b604ad7bb09e09958ee8b7b732295a1898d3f592036a08
994 2 55876 28c604edfc948f76e8557f374fefaaf8549b0adeea2daf8bdd7a24b240a5a799
995 5 55676 c3c964ce9481dbf1ca60cd3c4c464c2c5b4453a0d9b18afb436535cabfc2a74f
996 2 55835 dff930ca7ee90709541e86f857b52746de01a2e8e20d0ea7dd0f45857c85ca1f
997 5 55664 2115a9806e35360bdc2a2d31344949dd8e7779702a3babfb612f7b3bea0ad504
998 4 55711 c05b43044e9063f22e6318387c72c0d69f24ad74625ad0b0df577c28de6a2cf0
999 3 55760 c0a59868b31d61d97aec0c05e65e28f1cdf71c02e71f9a6a40bbfca34e9a37b2
1000 2 55924 f24d312bdef73c771d3dd5c011e150ca63dfc47558ec561694b12bbfdca8c213
1001 3 55812 dbc8c680ad3152f4f8b00cf6f351e2868fda68d3afbd2d0da5c7cc3a30b29748
1002 2 55858 ee126508ef9f33e002d6a87042dfd0a98e1d8db05af46a023c19779ed56e9a92
1003 12 55604 0d48bf6c4572b90ef10b50c24db47c7d71cc3a5ee1454165f4cf7eaf8661f296
1004 11 55654 ebb813f9c1c4a86748e49e826800c00353f6775a57bd1e63cd6efd33d9051014
1005 10 55703 aaf8d8988e4dbc7fbe91b2e7b89f432a166ab412a10c66b4a324415fce19e0ba
1006 9 55752 ac21eb0e9b24d764c36344bb7fc7214df8965e52b7255556e9b8c563f3300425
1007 8 55801 31086b67023bf7e54b6af2e08a7adc4017d997d8e48bb6664419aa35f81e13cd
1008 7 55850 f0b83da5d296db2251dd4549e4ef96def3db016040538204b963b29b907a3804
1009 6 55899 ee094b38d3fff49a56ef526cf344c1882e9cbd7c50219563dbee254a171eb807
1010 2 55671 657a46e47db5382b53abdcd7078b1d924038c58389e03f1fff03ebde17cca701
1011 4 55912 104889275395b2b9ad6e2e50120d035524772150806aa6f5a69b531b7484e163
1012 2 55733 fdb146be9b06416ad3b7f93c12a69c863ff1d566ec2a868328037f7b4c6336ab
1013 5 55949 ed907bdf186c684c0e89f15ffff2e1043091665af3a7ef44264b8e640459217c
1014 4 55998 9f9da4ab5c914d67eea739edc8a5dff4714298034467da4ada46a916785bc7e6
1015 3 56047 720c2fc4c90edb7ee6606aaecc020f5e78af335ed382a31cb6f688c6ebecc246
1016 2 55819 3c7b687a6b317180dd26c1669fef2bbd5f4768decb763faaa270e5a33a30da36
1017 12 55448 7a12a4b2394e813c50ac0879ab7543fe70f68c58cf09691b223db093f935c3ed
1018 11 55498 2a52d1d3e7a0350229d0c7fc11c92e8ba8c66e22786c29a3c1c90604c782b1a4
1019 2 55783 feefec7d66b4cd860d995c550cead28534fc47ec9ce133c4c7e1481656a8b724
1020 2 55783 69a11ffb952ac2aa7f9cb0703e45be8230744f116ca7fff85f2e908c717c112c
1021 11 55655 fef0bb1130903d48a406b22b5611b13ef68578bcd17a0329d92a2eb81884ac30
1022 4 56135 11be391f2e06f7b06826a8b8f717fbddf1c8712205430c65e489fddb38aca3bf
1023 9 56599 44d6f6592bb0c002fc893cf19c55f78c8e58a3bd09d6dc48a98551348e871e4a
1024 8 56645 fafa6e1ef8eab05cb6b1d82dfcdf59585fe0fda379eab66496cd37daaf10bbde
1025 3 2501 b7686d13f876a855f971f7f8ac5523c7d3f628e4227e011ecb2778fb1fbe5f7c
1026 5 3453 a9b257c670d7257138f15b8f7e863019b093274549af01274e780f683b5f739f
1027 2 3463 4c18d77ea295735244e7878407e7acdf405bdd6959ae444ce8abedd1f0a692b2
1028 3 3613 33cc7432c1e4dfc3fa230f80bcd3c1eb2a8d6a858c2a4ee313f987b0419d5f12
1029 3 3613 df47e77ae48000ee6345d9d0d247ee2b9f227a7cd00d7bb2fa3c956e5a8c8efa
1030 8 4280 b7df95c400a84d721380d16a7aa6107edfa381e1b9c385c948bbe724a423ce8f
1031 7 4562 4cd84f57fc9b3d4d0ee8a78a5a609d6ca1c5e2b5f1148afc1f3ef46ba88b4fc5
1032 2 5506 43a3eb4fdc89594b35db52c735380ac67cbd11272abba13a40ebdfcb6336fbef
1033 5 6459 6a37b09dc986eaa5905a4f779906185a8cc15226470fecd609a80e4077731fbe
1034 2 6471 794ff3a18f9fed8183bc07f229265a0c96258ab730a178f89309085f72b94e0c
1035 2 6707 0ef5742b1da38c1b74c70ccc16a4d4dbf9c8220bf763f197cfe8190693a8e221
1036 2 6707 8e187e724ddb1f65a578ed7143dbc61f659abd1406f7c7e8c16feb656a6c0c00
1037 8 7374 d4e52234a205c50861e45b41f8ba5b22adb2b107f157f898fc58ade38c888d1f
1038 9 7574 bd32a477bd6316c7ca54e8289eb599a07ec96f2a5b28cdc403c18649b2634e8d
1039 9 8524 9dabbbd3b0a77b395975f10444dba3aab700a19ca85032878e5745d564ed4086
1040 6 11882 fb82384d25f7ce5accdad2042afdbf85cca5262baa7fa17c5888c343ca486dd8
1041 2 12095 3945fc81323568664468a06413323a263eab0f289163be5600a108c1812fa998
1042 2 11966 9ceb521f05183482365096d9ff45553e83d2b1512f14197b5044a3fea39e1f8c
1043 2 11964 5baa1ce918b69b8db7a58c52bc6773b99014d00116c946efc248fb7d4ffe55fb
1044 2 12255 b6cdf34cbd58c4c7738bb09843ea3568c188f8ab15f73ec78dc61a25c7c73aab
1045 2 12255 6d1121011496ae13d219b20a949509d02c6d070ba9d55c89eaca4483ee7ff2c8
1046 8 12922 592a54910de7734e495a3b2556e50189d3f022c15f136deb80a40b63ba6eb1eb
1047 11 12986 699966d45538b07775eef63449a2109d38d3951a35aeb5ce2e177652ffef817f
1048 8 16636 cefeaf3ce1b22a20414a12baf53f6d67215d027871d5352128b04968045ca3f9
1049 2 17578 8b7e810c0dc5ddc9fc61ee566c949d89a5779406b1ff358542b2fa113005641f
1050 6 17395 1be99cc3e92e6c77ff4f89450bad40420b7d2de630ac129c76d757e155404dbe
1051 2 18847 bd20ab2751a8c02c0be533fde30e791b7ba3085aa2730b2df229b62e1c4ebcf5
1052 2 18773 15996f5c871c3dd9317a11d0e8bf9d23280bf6a5f4b709976b70d374bdb6b186
1053 2 18698 76d90554d7b512e14a1d45d1e0667f92c1ac156b1cb950eb7956f62c2b14b6c2
1054 2 18623 b8b861c2138ced045de28f47bd086be60da59dc59586bb3b47dd31d78fb91f05
1055 2 18550 cf62aa126c6de31bc19bc23ce9f369f940cf2bfe21f585e7c180ec5daa5b3d9d
1056 3 18019 c2f13cb929b03c63297b0ef77429c7a6f2ff7b089b829d83710696bfa986d127
1057 3 18019 b287a93a8a6594b24cc1b2e35b4656d84091c7f51a0eedb45f0df9a6df9acfa3
1058 5 18971 8e727949ae92ad0e09b17b39ad5b40f017121b457d6c6332f4f139b682a6c3b6
1059 4 19018 22676b9a5ab247ba8671e6d48938eebb8e1d45f5db58270b72dfdd5e955a265e
1060 8 18618 0fdff824bbe1a9ab5c6790b37cb61b858407646fedf4a004ca7149f35b1e8a37
1061 4 19877 ce1618b12a55865fd55bd5dd18fab238dab581e9a96658232ca080167cb82bef
1062 8 20735 18efa300f1ac4bd2a3ef87567a0e4fdd5371e3ec5d9fa194c26029708f242925
1063 2 21245 376b3efc36f3ed7e28bcb2859e4fbc72600e71d987ed46bf7b700b31e92be8bf
1064 2 21244 92c87d9880363c56a63e659a2694bd7932c2bb5fbddacf2ff689e7313da034d3
1065 2 21244 84478d22f84ee7b535754fb0476497c1317651445835170f56a7e730dab90ac1
1066 2 21169 2a6551776fef0c4d9c0bfc048ccb5ae6eecad2bd6d6f5b7ac37e357c36b742f1
1067 2 21096 71bd81a0010716d41bd6d0b3260d1ff5250ddc7c9ae39e10390a3e6aad1b2988
1068 4 20968 4eabe10da9e91ac3c8c06d1ab0a422d14093913986fc55cb472019268e9525d6
1069 3 21014 da212a1eb147d08937672755a749b6cd7844a9c426a9546492cb667301fc66a7
1070 6 20782 7514d348564f32505c184dc8bab7c10bf59ea8b112d9ec10a771fc798b8baec6
1071 7 21127 b80987fda296e4a1f48f645d8dcd5d2283837b343a91ee48ae81ccf15e844964
1072 3 20582 90c3044a75387dfd61b3536baa94a2a5d6b4132c13901b883b8085f22d96a98b
1073 2 20631 2ea43fec4fdde3b6455a46f432bfa72b47695c9f5d384494d9736177fef44e6b
1074 7 21178 07305d61439307f7bee99ace01ab48cdc68cab76d75db57c182e091c88cdd775
1075 2 20935 ccf3fa17cef2a16d3aa61b719e8f2682a9bac70969b0d8b3faff0e425ea959cb
1076 2 22165 60a47c8e7756973058e447561d4a65250e73b0cdfc8e71ebc6522e3712562745
1077 2 22378 b5ff55ce0f7448852351feb876d51e3f338702fcacd1df97ee9e1e3e9cdec495
1078 2 22305 32349c96e5314348a3a978720476f9b4f9e677c4ea8d9441944989dce55827ff
1079 2 22305 ab831534069cb0fefbde662a5a95728b7ebd72dbe1b44cbbabcca10d53c943d2
1080 2 22330 11310b9d18d8dd2413248de4d2408f798297fc5ee8922b8eb68891bdc2baddc6
1081 9 21885 1081ac42485f239f93079b556300d03466ec82f26f5aecf672de9b929f3a108d
1082 2 22320 17431d1b66bb34faa66af2a829b96afc61b226c84ac1388933cdbcc68071c4ee
1083 2 22319 35bdd6f64b2e043ee4793dfc7f03ff85e367ef56134ab2bf90c048982172a816
1084 2 22319 8d4419b0a43542059dacde48334a2f0fd28d2d3ed1ead3948a9c5b5674ef806b
1085 2 22246 e5c14d349427d76c28d4e3d4f7ab865f8766092a42bec6d8b1c08a24033e6773
1086 5 22116 005d546a2fdcb3be1968647355885734077f9d390a792e7726125a8c49489398
1087 4 22162 88d8c4d2d6349736a1cf4e7168109e8b98170d4664a12f894edb55f4f95191a4
1088 8 21930 5b366a8c77e39330146f9e0fd1aed5117ea0384a66fe3be1714bfc3242e09a9b
1089 2 23182 7635d07c47ddbad71f4b462d844d2c5b7ee8cae5fe54f6994560b3e986d763d4
1090 5 22874 512d5fc2f43e7e444fb9fb79f2fd2400d829b44a980ed4fca064f813ee5b437f
1091 5 23827 7aeae174abc85caef7387e3b5ce46fd59161d274b9397d04192e7a89bb0ac298
1092 2 25367 d38f88684576d09dc12568b157bde047f8c454dc01fcd5830158c20c130be98d
1093 2 26052 52ee5a88c708eaed53964f0da565fad6f30b132c57ea6df52cfc31e8ccab9f62
1094 8 26418 e6410124640e21da39b3303635ea6ece89fb6ad7e7eeec0d117fcc723c0d6e9f
1095 3 28534 b006b2f5f5e554387aa589b1a521bd4bc5c1a0d210631b0ccba613b8423d6020
1096 3 28536 f3c21edeea4f0f7051e8b30f7823c37676efbf79d60cee6200db85a07a92c0e1
1097 5 29489 87704d9fac649a7d7f06bedb4860a6a11a97782321488c853e10b4caf767817d
1098 4 29536 3ae5eb7070d964838d98de618d13b69cd7a780928c85858adba134df81e02a41
1099 8 28785 0ab9e073f46b34c2a797acf1e503b66ca633908e787d4515d5d5fe02109df73d
1100 7 28835 ce029f776110805db053e771c910d19eab9a7950e2908bfa71ba1d5f16c24785
1101 8 29314 4546c332954c08001f3a9715bb8b07a8e64e6786bae1d3ca8c8c0b91968b8a92
1102 6 29766 2104f7f05808c3ed1ae6df61873055bc281e612f1413ee2b67f63013eed0102b
1103 2 30245 2e77a9b34688d72470966edaba647d82dbcc9ad9865044d00e2af359932e6651
1104 3 31016 4de7453fa517e482ab34bf75002c06c3562225e419583ea2a38037333fffa913
1105 2 31065 c622a9c269460bb32692d0ae6b99d131ad35a235d034ec8b4a8acd3feb9c29b2
1106 2 31716 91e443d44f67fe6e6273d335ecdd29ac86bf3351b6ecfee7e66c1632b03dfe01
1107 2 32300 3500d9ad838c8b7a165a5c5396b3e08b5f6ef60c94deab9f107bd173dd17f4b0
1108 2 32299 d98bbc694ab2a173483be5bb8babfebf3e7a43bf508bf84c618e589b54c3acd4
1109 2 32299 604ec2203ad9d05b3c56e6f9cf3b61533fcf1bd2371c92f9308ef765f5aeaade
1110 2 32299 0618099095d5c5921ee0645751211baa4e7af1c1aa827a4eb10d051b733bea0e
1111 2 32299 9a81b5568ac26d14345d09fafab32d3dffd20110cf043d03e8645c4859c357d6
1112 2 32300 1f51377467dc0401f70c81faa23139d67b0c9875c75fa35e5c53e154ee22db44
1113 2 32170 0e90ae07101f8b65f3b255735aa0f13ef3bdf1fcb7f5d8358a9fb6b267aacd63
