[
    (0, 0, 4233314276625499709),
    (0, 1, 2215562506902174161),
    (0, 2, 6540482296316027195),
    (0, 63, 7055592793160920580),
    (0, 64, 590037278367733612),
    (0, 65, 4877767773180543406),
    (0, 4095, 6900990129539523722),
    (1, 0, 5132456814066307247),
    (1, 1, 7551821724860547868),
    (1, 2, 2044241403252759980),
    (1, 63, 5454074711123886409),
    (1, 64, 3081822956355020771),
    (1, 65, 3329815405788314681),
    (1, 4095, 7901945882556667515),
    (71501, 0, 6954660678222725018),
    (71501, 1, 6075393014239735260),
    (71501, 2, 6150835019196012738),
    (71501, 63, 3480970119526505535),
    (71501, 64, 282399062358369423),
    (71501, 65, 7978813255302552705),
    (71501, 4095, 7403336062162496997),
    (9223372036854775807, 0, 2585088019676301259),
    (9223372036854775807, 1, 705501238110673549),
    (9223372036854775807, 2, 4868884603155906183),
    (9223372036854775807, 63, 7001527856780566005),
    (9223372036854775807, 64, 2231087653157556802),
    (9223372036854775807, 65, 6307166405646997750),
    (9223372036854775807, 4095, 5800308896549791952),
]
