[
    (71501, 0, 0, 0, 205688141244912042),
    (71501, 0, 0, 1, 5207049071793363381),
    (71501, 0, 1, 0, 6443616737763373017),
    (71501, 0, 1, 1, 8181503509488250494),
    (71501, 0, 7, 0, 2597053402239883903),
    (71501, 0, 7, 1, 8826452575706309170),
    (71501, 0, 1023, 0, 1957289507048869074),
    (71501, 0, 1023, 1, 2397167886895766994),
    (71501, 1, 0, 0, 3030150930484670530),
    (71501, 1, 0, 1, 6535780556918608931),
    (71501, 1, 1, 0, 4894629490439078492),
    (71501, 1, 1, 1, 7102302712651159613),
    (71501, 1, 7, 0, 7728210378001374878),
    (71501, 1, 7, 1, 2123038068643507685),
    (71501, 1, 1023, 0, 739790042907476013),
    (71501, 1, 1023, 1, 2128189190911984324),
    (71501, 2, 0, 0, 2078165776913127065),
    (71501, 2, 0, 1, 8164835781562338981),
    (71501, 2, 1, 0, 4996592101494835628),
    (71501, 2, 1, 1, 4911798662957462896),
    (71501, 2, 7, 0, 8080160093823333418),
    (71501, 2, 7, 1, 5260849559370587369),
    (71501, 2, 1023, 0, 161026565190512491),
    (71501, 2, 1023, 1, 309102027114862061),
    (71501, 63, 0, 0, 5904321936784105996),
    (71501, 63, 0, 1, 7182316261527292331),
    (71501, 63, 1, 0, 6904853789733743110),
    (71501, 63, 1, 1, 5505795830172495793),
    (71501, 63, 7, 0, 3544345082596498450),
    (71501, 63, 7, 1, 1560299204036700803),
    (71501, 63, 1023, 0, 7718649199188440386),
    (71501, 63, 1023, 1, 98813719504857499),
    (71501, 64, 0, 0, 5389302532882077737),
    (71501, 64, 0, 1, 6961002208843634022),
    (71501, 64, 1, 0, 7629297860835709114),
    (71501, 64, 1, 1, 2389024932886648250),
    (71501, 64, 7, 0, 4582342068811250166),
    (71501, 64, 7, 1, 6394902445754742443),
    (71501, 64, 1023, 0, 1113401715149629266),
    (71501, 64, 1023, 1, 9164753099317239360),
    (71501, 65, 0, 0, 365775326435860327),
    (71501, 65, 0, 1, 7582513620224070361),
    (71501, 65, 1, 0, 7923904358440548667),
    (71501, 65, 1, 1, 8096882391090245837),
    (71501, 65, 7, 0, 7798578729360587300),
    (71501, 65, 7, 1, 5871932682279976724),
    (71501, 65, 1023, 0, 8591285273523899),
    (71501, 65, 1023, 1, 4359717079024885279),
    (71501, 4095, 0, 0, 4065402028786337341),
    (71501, 4095, 0, 1, 6166616845990979152),
    (71501, 4095, 1, 0, 377916015788951287),
    (71501, 4095, 1, 1, 1581314995397586703),
    (71501, 4095, 7, 0, 1988446520122370964),
    (71501, 4095, 7, 1, 8040371742791678730),
    (71501, 4095, 1023, 0, 7625151349648345600),
    (71501, 4095, 1023, 1, 7356779172232142845),
    (0, 0, 0, 0, 2855703026437126001),
    (9223372036854775807, 4095, 1023, 1, 2681946496151887235),
]
